33.869,-84.3837,1
33.8654,-84.4098,1
33.8654,-84.4054,1
33.8654,-84.3924,1
33.8654,-84.3401,1
33.8654,-84.3227,1
33.8617,-84.4228,1
33.8545,-84.388,1
33.8545,-84.3619,1
33.8545,-84.3271,1
33.8472,-84.4011,1
33.8436,-84.4316,1
33.8436,-84.4272,1
33.8436,-84.3707,1
33.84,-84.4316,1
33.8364,-84.4316,1
33.8291,-84.4359,1
33.8219,-84.4316,1
33.8183,-84.4316,1
33.8074,-84.4447,1
33.8038,-84.4577,1
33.782,-84.4838,1
33.782,-84.3186,1
33.7784,-84.4795,1
33.7748,-84.3229,1
33.7712,-84.4795,1
33.7675,-84.4838,1
33.7494,-84.4404,1
33.7422,-84.2752,1
33.7277,-84.2796,1
33.7241,-84.297,1
33.7241,-84.2927,1
33.7241,-84.2622,1
33.7204,-84.5186,1
33.7168,-84.5186,1
33.7132,-84.5273,1
33.7096,-84.4795,1
33.7059,-84.5273,1
33.7059,-84.5186,1
33.7059,-84.5056,1
33.7059,-84.4882,1
33.7059,-84.4839,1
33.7059,-84.3361,1
33.7023,-84.5143,1
33.7023,-84.4882,1
33.7023,-84.4665,1
33.6987,-84.5186,1
33.6987,-84.5012,1
33.6987,-84.4882,1
33.6951,-84.523,1
33.6914,-84.5012,1
33.6914,-84.3101,1
33.6878,-84.3666,1
33.6842,-84.4231,1
33.6842,-84.4057,1
33.6625,-84.3319,1
33.6588,-84.4665,1
33.6443,-84.4014,1
33.6443,-84.3927,1
33.6407,-84.4969,1
33.6407,-84.4926,1
33.6335,-84.4231,1
33.6335,-84.371,1
33.6299,-84.3797,1
33.6226,-84.3841,1
33.6117,-84.4015,1
33.6081,-84.4275,1
33.6081,-84.4232,1
33.4451,-84.2674,1
33.869,-84.3271,2
33.8654,-84.3488,2
33.8654,-84.3271,2
33.8617,-84.3489,2
33.8581,-84.4098,2
33.8581,-84.3793,2
33.8581,-84.3227,2
33.8545,-84.4185,2
33.8509,-84.4316,2
33.8472,-84.3968,2
33.8472,-84.3924,2
33.8436,-84.3837,2
33.8436,-84.375,2
33.84,-84.4272,2
33.84,-84.3228,2
33.8364,-84.4272,2
33.8327,-84.4142,2
33.8291,-84.4272,2
33.8255,-84.4359,2
33.8255,-84.4316,2
33.8219,-84.4359,2
33.8219,-84.3228,2
33.8183,-84.3228,2
33.8146,-84.3229,2
33.8001,-84.436,2
33.7965,-84.4186,2
33.7893,-84.4664,2
33.7856,-84.4751,2
33.782,-84.4795,2
33.7784,-84.4403,2
33.7784,-84.4099,2
33.7748,-84.4621,2
33.7712,-84.4751,2
33.7712,-84.4577,2
33.7603,-84.3708,2
33.7458,-84.3752,2
33.7313,-84.5099,2
33.7277,-84.4447,2
33.7204,-84.5056,2
33.7168,-84.4795,2
33.7168,-84.3187,2
33.7096,-84.4882,2
33.7096,-84.4317,2
33.7023,-84.4578,2
33.6987,-84.4535,2
33.6951,-84.3405,2
33.677,-84.3579,2
33.648,-84.3406,2
33.6335,-84.4188,2
33.8726,-84.3793,3
33.869,-84.3663,3
33.8654,-84.3663,3
33.8617,-84.4054,3
33.8617,-84.3967,3
33.8581,-84.3402,3
33.8509,-84.3663,3
33.8472,-84.3881,3
33.84,-84.4229,3
33.8364,-84.3881,3
33.8364,-84.3663,3
33.8327,-84.4316,3
33.8327,-84.4272,3
33.8327,-84.3924,3
33.8327,-84.3228,3
33.8291,-84.4185,3
33.8255,-84.3228,3
33.8219,-84.4185,3
33.8146,-84.3751,3
33.7929,-84.436,3
33.7893,-84.3621,3
33.782,-84.4403,3
33.782,-84.4142,3
33.7784,-84.3925,3
33.7748,-84.4577,3
33.7639,-84.3969,3
33.7639,-84.3795,3
33.7639,-84.3708,3
33.7422,-84.5012,3
33.7313,-84.5143,3
33.7204,-84.5143,3
33.7132,-84.5012,3
33.7096,-84.297,3
33.7059,-84.523,3
33.6951,-84.4752,3
33.6914,-84.4057,3
33.6806,-84.523,3
33.6733,-84.523,3
33.6661,-84.5056,3
33.6625,-84.5013,3
33.6588,-84.4969,3
33.648,-84.4839,3
33.6443,-84.5056,3
33.6443,-84.4058,3
33.6407,-84.4101,3
33.6407,-84.3971,3
33.6371,-84.3754,3
33.6371,-84.3493,3
33.6226,-84.4275,3
33.6226,-84.4101,3
33.8654,-84.3793,4
33.8654,-84.3314,4
33.8617,-84.3227,4
33.8581,-84.4141,4
33.8545,-84.3924,4
33.8509,-84.4011,4
33.8472,-84.375,4
33.8436,-84.4142,4
33.8436,-84.4011,4
33.8436,-84.3968,4
33.8436,-84.3924,4
33.8436,-84.3881,4
33.84,-84.3924,4
33.8364,-84.4229,4
33.8364,-84.3794,4
33.8364,-84.375,4
33.8364,-84.3707,4
33.8327,-84.4185,4
33.8255,-84.3663,4
33.8219,-84.4272,4
33.8219,-84.3663,4
33.8146,-84.4273,4
33.8146,-84.3707,4
33.8038,-84.3794,4
33.7965,-84.4229,4
33.7929,-84.3316,4
33.7748,-84.4664,4
33.7748,-84.4186,4
33.7748,-84.349,4
33.7675,-84.4099,4
33.7422,-84.2796,4
33.7349,-84.4621,4
33.7241,-84.4491,4
33.7241,-84.2796,4
33.7168,-84.4839,4
33.7132,-84.4795,4
33.7132,-84.4317,4
33.7096,-84.5143,4
33.7023,-84.5056,4
33.6987,-84.5056,4
33.6987,-84.4621,4
33.6987,-84.4404,4
33.6951,-84.5186,4
33.6951,-84.3492,4
33.6878,-84.4057,4
33.6697,-84.5056,4
33.6697,-84.5013,4
33.6552,-84.3493,4
33.6443,-84.3971,4
33.6335,-84.3797,4
33.6117,-84.4145,4
33.8654,-84.388,5
33.8654,-84.3532,5
33.8617,-84.4098,5
33.8545,-84.4229,5
33.8545,-84.375,5
33.8545,-84.3445,5
33.8509,-84.3924,5
33.8472,-84.4055,5
33.8472,-84.3837,5
33.84,-84.4098,5
33.84,-84.3837,5
33.8327,-84.375,5
33.8255,-84.4272,5
33.8183,-84.4186,5
33.8183,-84.3794,5
33.8183,-84.375,5
33.8146,-84.4229,5
33.811,-84.4012,5
33.8001,-84.3533,5
33.7965,-84.362,5
33.7856,-84.4186,5
33.7784,-84.4447,5
33.7567,-84.3013,5
33.753,-84.2926,5
33.7204,-84.4491,5
33.7132,-84.523,5
33.7096,-84.4839,5
33.7023,-84.5099,5
33.7023,-84.4839,5
33.6842,-84.523,5
33.6697,-84.3536,5
33.6661,-84.4795,5
33.6625,-84.5099,5
33.6588,-84.3406,5
33.6371,-84.3667,5
33.6262,-84.3928,5
33.6154,-84.4232,5
33.6154,-84.4058,5
33.8617,-84.3924,6
33.8617,-84.3401,6
33.8545,-84.3967,6
33.8545,-84.3402,6
33.8545,-84.3228,6
33.8509,-84.4098,6
33.8509,-84.3967,6
33.8509,-84.388,6
33.8509,-84.3445,6
33.8472,-84.4229,6
33.8472,-84.4142,6
33.8472,-84.3489,6
33.8436,-84.4185,6
33.8436,-84.3794,6
33.84,-84.4011,6
33.84,-84.375,6
33.8364,-84.4185,6
33.8364,-84.4142,6
33.8327,-84.3881,6
33.8291,-84.3924,6
33.8146,-84.3881,6
33.811,-84.3968,6
33.811,-84.3229,6
33.7965,-84.3229,6
33.7893,-84.3534,6
33.782,-84.449,6
33.782,-84.4316,6
33.7603,-84.3056,6
33.7277,-84.284,6
33.7241,-84.4882,6
33.7023,-84.4535,6
33.6951,-84.5143,6
33.6914,-84.4926,6
33.6878,-84.5099,6
33.6697,-84.3493,6
33.6661,-84.4969,6
33.6371,-84.358,6
33.6299,-84.4014,6
33.6262,-84.3841,6
33.8654,-84.3837,7
33.8654,-84.375,7
33.8654,-84.3619,7
33.8617,-84.4185,7
33.8617,-84.4011,7
33.8617,-84.3271,7
33.8581,-84.4185,7
33.8581,-84.3924,7
33.8581,-84.3445,7
33.8545,-84.4142,7
33.8509,-84.3271,7
33.8472,-84.3706,7
33.8472,-84.3315,7
33.8436,-84.3228,7
33.84,-84.4142,7
33.84,-84.3707,7
33.84,-84.3663,7
33.8291,-84.3228,7
33.8255,-84.3707,7
33.8219,-84.4055,7
33.8219,-84.3707,7
33.8183,-84.3707,7
33.8183,-84.3663,7
33.7929,-84.4621,7
33.7856,-84.3142,7
33.7712,-84.4143,7
33.753,-84.4665,7
33.7494,-84.4969,7
33.7313,-84.4969,7
33.7313,-84.423,7
33.7241,-84.4795,7
33.7132,-84.4274,7
33.7096,-84.5273,7
33.7096,-84.523,7
33.7059,-84.5012,7
33.6951,-84.3449,7
33.6806,-84.3405,7
33.6733,-84.4795,7
33.6516,-84.4665,7
33.6443,-84.371,7
33.6299,-84.4058,7
33.6154,-84.4015,7
33.8617,-84.3445,8
33.8617,-84.3314,8
33.8581,-84.3706,8
33.8581,-84.3271,8
33.8545,-84.4011,8
33.8545,-84.3489,8
33.8509,-84.3402,8
33.8472,-84.3663,8
33.84,-84.4185,8
33.8364,-84.4011,8
33.8327,-84.3968,8
33.8291,-84.4229,8
33.8255,-84.4185,8
33.8219,-84.3881,8
33.8183,-84.3881,8
33.8183,-84.3272,8
33.811,-84.3881,8
33.8038,-84.4534,8
33.7893,-84.3577,8
33.782,-84.4751,8
33.7712,-84.4621,8
33.7349,-84.5143,8
33.7241,-84.4534,8
33.7241,-84.3665,8
33.7132,-84.4448,8
33.7096,-84.4752,8
33.6951,-84.4882,8
33.6951,-84.4491,8
33.6951,-84.4404,8
33.6914,-84.523,8
33.6806,-84.3796,8
33.6697,-84.5186,8
33.6661,-84.4622,8
33.6443,-84.4969,8
33.6335,-84.3667,8
33.6335,-84.358,8
33.6299,-84.4188,8
33.6262,-84.3971,8
33.6262,-84.3797,8
33.6226,-84.4318,8
33.6226,-84.4058,8
33.6226,-84.4014,8
33.8617,-84.3837,9
33.8581,-84.4054,9
33.8581,-84.3967,9
33.8545,-84.4272,9
33.8545,-84.3793,9
33.8545,-84.3706,9
33.8509,-84.4055,9
33.8509,-84.3837,9
33.8472,-84.3532,9
33.8472,-84.3271,9
33.8436,-84.3663,9
33.84,-84.3881,9
33.8327,-84.3837,9
33.8327,-84.3707,9
33.8291,-84.3794,9
33.8255,-84.3881,9
33.8219,-84.4229,9
33.8219,-84.4098,9
33.8183,-84.4229,9
33.8183,-84.4098,9
33.8183,-84.4055,9
33.8146,-84.4012,9
33.7929,-84.362,9
33.782,-84.436,9
33.782,-84.4186,9
33.782,-84.3708,9
33.7784,-84.436,9
33.7784,-84.4143,9
33.7458,-84.4708,9
33.7277,-84.297,9
33.7168,-84.4578,9
33.7168,-84.4491,9
33.7168,-84.4448,9
33.6951,-84.4926,9
33.6842,-84.4448,9
33.6806,-84.5186,9
33.677,-84.4578,9
33.6516,-84.3319,9
33.648,-84.345,9
33.6407,-84.358,9
33.8545,-84.4054,10
33.8509,-84.3793,10
33.8472,-84.3793,10
33.8436,-84.3358,10
33.84,-84.3489,10
33.8364,-84.3968,10
33.8291,-84.375,10
33.8255,-84.4229,10
33.8219,-84.375,10
33.8219,-84.3272,10
33.8183,-84.3924,10
33.8146,-84.4055,10
33.811,-84.3838,10
33.811,-84.3794,10
33.8001,-84.3577,10
33.7965,-84.4316,10
33.7639,-84.3186,10
33.7639,-84.3143,10
33.7494,-84.4925,10
33.7494,-84.4665,10
33.7385,-84.4882,10
33.7349,-84.5012,10
33.7277,-84.5056,10
33.7241,-84.4361,10
33.7168,-84.5143,10
33.7168,-84.4665,10
33.7168,-84.3014,10
33.7096,-84.5186,10
33.7096,-84.5099,10
33.7059,-84.4535,10
33.7023,-84.4795,10
33.7023,-84.4752,10
33.7023,-84.4621,10
33.6914,-84.4187,10
33.6733,-84.4926,10
33.6661,-84.5013,10
33.6371,-84.3623,10
33.6299,-84.4101,10
33.6262,-84.4362,10
33.8654,-84.3706,11
33.8617,-84.4141,11
33.8581,-84.388,11
33.8581,-84.3489,11
33.8545,-84.3315,11
33.8472,-84.3358,11
33.8291,-84.3837,11
33.8291,-84.3663,11
33.8146,-84.4186,11
33.8146,-84.4142,11
33.811,-84.4055,11
33.811,-84.3751,11
33.811,-84.3707,11
33.7893,-84.3186,11
33.7856,-84.4316,11
33.7856,-84.4142,11
33.753,-84.4708,11
33.7277,-84.4752,11
33.7168,-84.4317,11
33.7132,-84.5056,11
33.7096,-84.4491,11
33.6951,-84.4665,11
33.6299,-84.4275,11
33.8581,-84.4011,12
33.8581,-84.3837,12
33.8545,-84.3837,12
33.8545,-84.3532,12
33.8509,-84.375,12
33.8509,-84.3619,12
33.8509,-84.3489,12
33.8509,-84.3315,12
33.8472,-84.4098,12
33.8436,-84.3489,12
33.84,-84.3968,12
33.84,-84.3794,12
33.8364,-84.3837,12
33.8219,-84.3794,12
33.811,-84.4099,12
33.8074,-84.3794,12
33.7929,-84.3273,12
33.7893,-84.3794,12
33.782,-84.3969,12
33.7748,-84.4751,12
33.7748,-84.4099,12
33.7712,-84.4099,12
33.7675,-84.3708,12
33.7639,-84.4056,12
33.753,-84.4012,12
33.7277,-84.4665,12
33.7277,-84.4621,12
33.7241,-84.4969,12
33.7204,-84.5099,12
33.7204,-84.4578,12
33.6951,-84.5012,12
33.6951,-84.3666,12
33.6842,-84.5143,12
33.6733,-84.371,12
33.6588,-84.3884,12
33.6516,-84.3363,12
33.648,-84.371,12
33.8581,-84.3619,13
33.8581,-84.3315,13
33.8545,-84.3358,13
33.8509,-84.4142,13
33.8509,-84.3706,13
33.8509,-84.3358,13
33.8472,-84.4185,13
33.8472,-84.3402,13
33.8255,-84.375,13
33.8255,-84.3402,13
33.8219,-84.4142,13
33.8146,-84.3794,13
33.811,-84.4273,13
33.811,-84.3664,13
33.8074,-84.3751,13
33.7965,-84.4621,13
33.7929,-84.4577,13
33.7639,-84.3099,13
33.7313,-84.4708,13
33.7277,-84.3057,13
33.7096,-84.3318,13
33.6987,-84.5099,13
33.6914,-84.5056,13
33.6878,-84.5012,13
33.6878,-84.3405,13
33.6806,-84.5143,13
33.6697,-84.4622,13
33.6661,-84.4926,13
33.6625,-84.3449,13
33.6443,-84.5013,13
33.6262,-84.4275,13
33.6226,-84.4188,13
33.6117,-84.4058,13
33.869,-84.3793,14
33.8617,-84.3793,14
33.8436,-84.4098,14
33.8436,-84.3315,14
33.8364,-84.3489,14
33.8146,-84.3838,14
33.8074,-84.3968,14
33.8038,-84.3881,14
33.7893,-84.4229,14
33.782,-84.4708,14
33.7675,-84.3969,14
33.7567,-84.3056,14
33.7277,-84.4708,14
33.7132,-84.4752,14
33.7059,-84.4665,14
33.6951,-84.4535,14
33.6878,-84.4839,14
33.6878,-84.3449,14
33.6733,-84.3275,14
33.648,-84.3493,14
33.6407,-84.371,14
33.8472,-84.3445,15
33.8436,-84.3619,15
33.8436,-84.3445,15
33.8436,-84.3402,15
33.8219,-84.3968,15
33.8183,-84.3968,15
33.8146,-84.4099,15
33.8146,-84.3968,15
33.811,-84.3533,15
33.8074,-84.3925,15
33.8038,-84.3707,15
33.7893,-84.4621,15
33.7784,-84.4186,15
33.7675,-84.4795,15
33.7349,-84.4578,15
33.7168,-84.4274,15
33.7132,-84.5143,15
33.7059,-84.3318,15
33.6987,-84.4839,15
33.6951,-84.5099,15
33.6914,-84.4969,15
33.677,-84.3796,15
33.6625,-84.3493,15
33.6516,-84.345,15
33.6407,-84.3537,15
33.6407,-84.3363,15
33.8545,-84.4098,16
33.8327,-84.3794,16
33.8219,-84.3837,16
33.8146,-84.3664,16
33.811,-84.349,16
33.8074,-84.4055,16
33.8001,-84.4577,16
33.7965,-84.4273,16
33.7893,-84.4708,16
33.7856,-84.3621,16
33.7856,-84.3186,16
33.7784,-84.4664,16
33.7712,-84.4186,16
33.7603,-84.3752,16
33.7204,-84.4839,16
33.7168,-84.5056,16
33.7132,-84.4665,16
33.7132,-84.4578,16
33.7059,-84.3492,16
33.6842,-84.4404,16
33.6842,-84.4318,16
33.6806,-84.5056,16
33.6226,-84.4145,16
33.8472,-84.4272,17
33.8472,-84.3619,17
33.8291,-84.3968,17
33.8219,-84.3402,17
33.811,-84.4142,17
33.8074,-84.3707,17
33.8074,-84.3359,17
33.7929,-84.3664,17
33.7856,-84.3273,17
33.782,-84.4099,17
33.7748,-84.4403,17
33.7277,-84.4491,17
33.7241,-84.4925,17
33.7168,-84.4534,17
33.7132,-84.4491,17
33.7096,-84.4578,17
33.7023,-84.4708,17
33.6987,-84.4708,17
33.6914,-84.3666,17
33.6878,-84.4926,17
33.6697,-84.3275,17
33.6661,-84.3319,17
33.8617,-84.3358,18
33.8436,-84.4055,18
33.8291,-84.3881,18
33.8291,-84.3707,18
33.8255,-84.3794,18
33.8038,-84.4447,18
33.8038,-84.3968,18
33.7893,-84.3316,18
33.7893,-84.3229,18
33.7856,-84.4664,18
33.7856,-84.3577,18
33.7784,-84.3229,18
33.7385,-84.5056,18
33.7385,-84.5012,18
33.7385,-84.2665,18
33.7313,-84.297,18
33.7241,-84.4708,18
33.7132,-84.5099,18
33.7096,-84.4621,18
33.7059,-84.5099,18
33.7059,-84.4752,18
33.6951,-84.5056,18
33.6842,-84.5013,18
33.6552,-84.3406,18
33.84,-84.362,19
33.8255,-84.4055,19
33.8183,-84.4142,19
33.811,-84.3925,19
33.8001,-84.362,19
33.7893,-84.4534,19
33.7603,-84.4056,19
33.7241,-84.4578,19
33.7204,-84.4621,19
33.7204,-84.4404,19
33.7096,-84.3231,19
33.7023,-84.4491,19
33.6878,-84.4665,19
33.6697,-84.3362,19
33.6443,-84.3493,19
33.6443,-84.3363,19
33.8291,-84.3272,20
33.8255,-84.3837,20
33.8255,-84.3272,20
33.8146,-84.349,20
33.8074,-84.4099,20
33.8001,-84.3925,20
33.7929,-84.3533,20
33.7893,-84.3273,20
33.7893,-84.3142,20
33.7856,-84.3229,20
33.7639,-84.4186,20
33.753,-84.4404,20
33.7313,-84.5012,20
33.7277,-84.3665,20
33.7204,-84.4447,20
33.7168,-84.5099,20
33.7132,-84.4534,20
33.6987,-84.4665,20
33.6806,-84.4839,20
33.6733,-84.3797,20
33.6697,-84.4926,20
33.6625,-84.4969,20
33.6625,-84.3884,20
33.6588,-84.3363,20
33.6516,-84.3406,20
33.8617,-84.388,21
33.8581,-84.3358,21
33.8436,-84.3532,21
33.8291,-84.3402,21
33.8255,-84.3315,21
33.8146,-84.3272,21
33.811,-84.4186,21
33.7929,-84.4229,21
33.7784,-84.4534,21
33.7748,-84.3838,21
33.7712,-84.336,21
33.7349,-84.5056,21
33.7313,-84.5056,21
33.7313,-84.4187,21
33.7132,-84.4621,21
33.6987,-84.4491,21
33.6987,-84.3535,21
33.6951,-84.3796,21
33.6914,-84.4491,21
33.6842,-84.4361,21
33.6661,-84.3406,21
33.6516,-84.3493,21
33.84,-84.4055,22
33.8327,-84.3533,22
33.8219,-84.3924,22
33.8219,-84.3359,22
33.7965,-84.3751,22
33.7856,-84.3795,22
33.7567,-84.4621,22
33.7313,-84.4534,22
33.7241,-84.4752,22
33.7204,-84.4534,22
33.7168,-84.3144,22
33.7132,-84.3231,22
33.6951,-84.4969,22
33.6878,-84.523,22
33.6842,-84.5186,22
33.6806,-84.5013,22
33.6806,-84.3579,22
33.677,-84.4709,22
33.6661,-84.5143,22
33.6588,-84.3927,22
33.6516,-84.4839,22
33.8219,-84.3315,23
33.8038,-84.3925,23
33.8001,-84.3751,23
33.7929,-84.4273,23
33.7929,-84.3968,23
33.7784,-84.3882,23
33.7784,-84.3403,23
33.7096,-84.5012,23
33.7096,-84.4708,23
33.6987,-84.3492,23
33.6842,-84.3449,23
33.6842,-84.3405,23
33.6697,-84.3449,23
33.6516,-84.4709,23
33.648,-84.5056,23
33.6443,-84.4926,23
33.6407,-84.4058,23
33.6299,-84.4145,23
33.8617,-84.3619,24
33.84,-84.3533,24
33.8291,-84.3315,24
33.8255,-84.4011,24
33.811,-84.3577,24
33.8074,-84.3838,24
33.8038,-84.4099,24
33.8038,-84.3359,24
33.8001,-84.4099,24
33.8001,-84.3968,24
33.7965,-84.3577,24
33.7893,-84.4186,24
33.7856,-84.336,24
33.7639,-84.4012,24
33.7603,-84.3099,24
33.7458,-84.4534,24
33.7349,-84.4969,24
33.7313,-84.2752,24
33.7168,-84.4621,24
33.7096,-84.3014,24
33.6951,-84.4795,24
33.6842,-84.4491,24
33.6697,-84.5099,24
33.6552,-84.4752,24
33.8617,-84.375,25
33.8074,-84.449,25
33.8074,-84.3664,25
33.8038,-84.449,25
33.7965,-84.4403,25
33.7893,-84.3403,25
33.7856,-84.3316,25
33.782,-84.3577,25
33.7675,-84.4751,25
33.7639,-84.4882,25
33.7458,-84.4665,25
33.7313,-84.4621,25
33.7241,-84.4621,25
33.7168,-84.423,25
33.7132,-84.4708,25
33.7096,-84.4665,25
33.7059,-84.4708,25
33.6842,-84.4013,25
33.6733,-84.5013,25
33.6625,-84.4665,25
33.7856,-84.3403,26
33.7458,-84.2882,26
33.7313,-84.4491,26
33.7277,-84.4925,26
33.7241,-84.2753,26
33.7204,-84.4752,26
33.7096,-84.3492,26
33.6878,-84.4969,26
33.6842,-84.4969,26
33.6588,-84.358,26
33.6552,-84.4665,26
33.648,-84.3667,26
33.8509,-84.4272,27
33.8364,-84.3924,27
33.8364,-84.362,27
33.8219,-84.4011,27
33.8146,-84.3577,27
33.7929,-84.3794,27
33.7929,-84.3577,27
33.7856,-84.4708,27
33.782,-84.3273,27
33.7748,-84.4143,27
33.7494,-84.2882,27
33.7241,-84.4839,27
33.6987,-84.4448,27
33.6914,-84.5143,27
33.6806,-84.3927,27
33.6733,-84.3493,27
33.6661,-84.4882,27
33.6625,-84.4622,27
33.6443,-84.3537,27
33.8581,-84.375,28
33.8509,-84.4229,28
33.8327,-84.4011,28
33.8255,-84.3924,28
33.8183,-84.3489,28
33.8038,-84.4142,28
33.7712,-84.4056,28
33.7639,-84.4143,28
33.7349,-84.4882,28
33.7313,-84.4317,28
33.7059,-84.3405,28
33.6914,-84.4839,28
33.6914,-84.4665,28
33.6914,-84.3796,28
33.6588,-84.3319,28
33.6516,-84.371,28
33.648,-84.4969,28
33.6443,-84.345,28
33.8509,-84.3532,29
33.8291,-84.4055,29
33.8074,-84.4012,29
33.8038,-84.3838,29
33.7965,-84.3533,29
33.7784,-84.336,29
33.7748,-84.4056,29
33.7458,-84.4621,29
33.7385,-84.2839,29
33.7313,-84.4404,29
33.7096,-84.3101,29
33.7059,-84.3752,29
33.6914,-84.4752,29
33.6878,-84.4361,29
33.6842,-84.4926,29
33.6842,-84.4535,29
33.6407,-84.3276,29
33.6262,-84.4405,29
33.8654,-84.3576,30
33.8617,-84.3706,30
33.8327,-84.3272,30
33.8255,-84.3968,30
33.8255,-84.3359,30
33.8001,-84.4403,30
33.7965,-84.3272,30
33.7929,-84.3751,30
33.7748,-84.423,30
33.7313,-84.3882,30
33.7313,-84.2796,30
33.7096,-84.4534,30
33.6914,-84.3275,30
33.6842,-84.5056,30
33.6697,-84.5143,30
33.8074,-84.4186,31
33.8001,-84.4316,31
33.8001,-84.3881,31
33.7929,-84.4142,31
33.782,-84.4447,31
33.782,-84.4273,31
33.782,-84.336,31
33.7603,-84.3186,31
33.7567,-84.4708,31
33.7313,-84.4665,31
33.7168,-84.4752,31
33.7132,-84.4839,31
33.7096,-84.5056,31
33.6987,-84.4578,31
33.6951,-84.4361,31
33.6842,-84.4274,31
33.677,-84.3666,31
33.8038,-84.4403,32
33.8038,-84.3316,32
33.7856,-84.3751,32
33.782,-84.3403,32
33.782,-84.3229,32
33.7712,-84.4708,32
33.7675,-84.4534,32
33.7675,-84.423,32
33.7639,-84.4621,32
33.7567,-84.4664,32
33.7458,-84.4578,32
33.7277,-84.4578,32
33.7241,-84.2666,32
33.6987,-84.41,32
33.6914,-84.4882,32
33.6878,-84.5056,32
33.6878,-84.4882,32
33.6842,-84.5099,32
33.6842,-84.4882,32
33.677,-84.3927,32
33.6625,-84.4795,32
33.6625,-84.4752,32
33.6588,-84.384,32
33.6371,-84.371,32
33.6335,-84.332,32
33.8436,-84.3271,33
33.8327,-84.3663,33
33.811,-84.4229,33
33.8074,-84.436,33
33.782,-84.4664,33
33.7748,-84.3273,33
33.7567,-84.3143,33
33.753,-84.2969,33
33.7023,-84.3753,33
33.6878,-84.3492,33
33.677,-84.3449,33
33.6661,-84.5099,33
33.8183,-84.3402,34
33.8038,-84.362,34
33.7929,-84.3838,34
33.7893,-84.4577,34
33.7893,-84.336,34
33.7277,-84.4534,34
33.7168,-84.3231,34
33.6697,-84.4882,34
33.6625,-84.3536,34
33.6588,-84.4795,34
33.6407,-84.345,34
33.8074,-84.3316,35
33.8038,-84.4316,35
33.7639,-84.3925,35
33.7603,-84.4012,35
33.6951,-84.4622,35
33.6878,-84.4448,35
33.677,-84.5186,35
33.6733,-84.5056,35
33.6733,-84.3927,35
33.6552,-84.3319,35
33.8146,-84.3925,36
33.8146,-84.3359,36
33.8001,-84.4229,36
33.7784,-84.3316,36
33.7349,-84.4491,36
33.7132,-84.5186,36
33.7096,-84.4448,36
33.7059,-84.4491,36
33.7023,-84.4274,36
33.6914,-84.4708,36
33.6806,-84.4535,36
33.6661,-84.4665,36
33.6443,-84.3623,36
33.6407,-84.3667,36
33.8617,-84.3532,37
33.8183,-84.3533,37
33.811,-84.362,37
33.8038,-84.3229,37
33.7893,-84.449,37
33.782,-84.3534,37
33.782,-84.3316,37
33.7784,-84.4751,37
33.7712,-84.4534,37
33.7675,-84.323,37
33.7603,-84.4925,37
33.753,-84.4925,37
33.753,-84.4621,37
33.7313,-84.4447,37
33.7277,-84.4969,37
33.7277,-84.423,37
33.7059,-84.4621,37
33.6914,-84.4535,37
33.677,-84.5056,37
33.648,-84.3623,37
33.6443,-84.358,37
33.6371,-84.3537,37
33.8146,-84.3533,38
33.7929,-84.3925,38
33.7784,-84.3969,38
33.7748,-84.3882,38
33.7748,-84.336,38
33.7639,-84.4708,38
33.7567,-84.323,38
33.753,-84.3013,38
33.7313,-84.2839,38
33.6733,-84.5186,38
33.8074,-84.3881,39
33.8001,-84.3794,39
33.782,-84.4621,39
33.7603,-84.4882,39
33.7494,-84.4621,39
33.7385,-84.5099,39
33.7204,-84.4708,39
33.7204,-84.3448,39
33.7168,-84.4708,39
33.7059,-84.4448,39
33.6914,-84.4231,39
33.6407,-84.3623,39
33.8327,-84.4098,40
33.8001,-84.3403,40
33.7965,-84.3794,40
33.782,-84.4056,40
33.7784,-84.4577,40
33.7349,-84.4795,40
33.7132,-84.3492,40
33.6733,-84.5099,40
33.8509,-84.3576,41
33.8074,-84.4142,41
33.7965,-84.3838,41
33.7929,-84.4012,41
33.7603,-84.4751,41
33.7567,-84.4012,41
33.7385,-84.2709,41
33.7313,-84.4882,41
33.7241,-84.2709,41
33.7132,-84.4361,41
33.7023,-84.4448,41
33.7023,-84.4013,41
33.6951,-84.384,41
33.6733,-84.3406,41
33.6697,-84.3579,41
33.6625,-84.4926,41
33.6552,-84.4839,41
33.8291,-84.4011,42
33.8074,-84.3577,42
33.7893,-84.436,42
33.7748,-84.3403,42
33.7712,-84.349,42
33.7494,-84.4578,42
33.7422,-84.3752,42
33.7385,-84.4317,42
33.7313,-84.4925,42
33.7313,-84.3057,42
33.7277,-84.2709,42
33.7168,-84.4404,42
33.7132,-84.3101,42
33.6914,-84.4795,42
33.6842,-84.4795,42
33.6806,-84.4795,42
33.7893,-84.4099,43
33.7675,-84.4447,43
33.7204,-84.4317,43
33.7096,-84.3622,43
33.6878,-84.4795,43
33.677,-84.4795,43
33.6552,-84.3536,43
33.7929,-84.4534,44
33.7712,-84.3403,44
33.7675,-84.4577,44
33.7603,-84.4099,44
33.7603,-84.3143,44
33.7385,-84.2796,44
33.7349,-84.423,44
33.677,-84.3536,44
33.6697,-84.3883,44
33.6552,-84.358,44
33.6516,-84.3623,44
33.6407,-84.3493,44
33.6371,-84.332,44
33.8545,-84.3576,45
33.8364,-84.3228,45
33.7929,-84.4055,45
33.7313,-84.4578,45
33.7313,-84.3361,45
33.6987,-84.3318,45
33.6951,-84.4839,45
33.6842,-84.4839,45
33.6697,-84.3623,45
33.84,-84.3271,46
33.7965,-84.4577,46
33.7856,-84.3534,46
33.7784,-84.3534,46
33.7567,-84.4578,46
33.7458,-84.4491,46
33.7349,-84.2796,46
33.6806,-84.4882,46
33.7929,-84.449,47
33.7712,-84.3969,47
33.7603,-84.4621,47
33.7458,-84.4882,47
33.7204,-84.3057,47
33.7132,-84.3318,47
33.7096,-84.3448,47
33.7059,-84.4578,47
33.7023,-84.4361,47
33.6951,-84.4448,47
33.6806,-84.4578,47
33.6806,-84.3362,47
33.6516,-84.4969,47
33.6516,-84.4882,47
33.8146,-84.362,48
33.8074,-84.3533,48
33.8038,-84.3751,48
33.8001,-84.3229,48
33.7784,-84.3577,48
33.7712,-84.3925,48
33.7675,-84.4621,48
33.7639,-84.423,48
33.7603,-84.4708,48
33.7494,-84.4491,48
33.7313,-84.436,48
33.7313,-84.3752,48
33.7168,-84.3448,48
33.6552,-84.4882,48
33.7675,-84.4056,49
33.7603,-84.4664,49
33.7313,-84.3144,49
33.7023,-84.4969,49
33.6842,-84.3319,49
33.648,-84.358,49
33.6443,-84.3667,49
33.8001,-84.4534,50
33.7494,-84.4708,50
33.6733,-84.3623,50
33.6552,-84.4926,50
33.6335,-84.3363,50
33.8038,-84.4012,51
33.8038,-84.3577,51
33.782,-84.3795,51
33.7675,-84.4012,51
33.7567,-84.3752,51
33.7494,-84.423,51
33.7241,-84.4317,51
33.6588,-84.4839,51
33.8291,-84.362,52
33.8038,-84.436,52
33.7929,-84.4447,52
33.7893,-84.349,52
33.7567,-84.4882,52
33.7313,-84.3665,52
33.7277,-84.5012,52
33.7096,-84.3535,52
33.6806,-84.4708,52
33.648,-84.4882,52
33.8146,-84.3446,53
33.7929,-84.336,53
33.7422,-84.2883,53
33.7241,-84.284,53
33.7168,-84.4361,53
33.6987,-84.4274,53
33.6842,-84.3796,53
33.7567,-84.31,54
33.6987,-84.4361,54
33.6878,-84.4752,54
33.6588,-84.3536,54
33.8255,-84.362,55
33.7856,-84.4621,55
33.7856,-84.4099,55
33.7712,-84.3273,55
33.7385,-84.4838,55
33.7349,-84.2926,55
33.7023,-84.397,55
33.6878,-84.3709,55
33.677,-84.3883,55
33.6407,-84.3406,55
33.8038,-84.4055,56
33.7856,-84.4055,56
33.782,-84.4534,56
33.7784,-84.4708,56
33.7675,-84.336,56
33.753,-84.4578,56
33.753,-84.4491,56
33.677,-84.3753,56
33.6625,-84.3623,56
33.648,-84.3319,56
33.8183,-84.3359,57
33.8038,-84.3533,57
33.7784,-84.3795,57
33.7567,-84.4795,57
33.7494,-84.4534,57
33.7023,-84.4404,57
33.7023,-84.3318,57
33.6806,-84.4752,57
33.6806,-84.4665,57
33.6806,-84.3275,57
33.677,-84.5143,57
33.677,-84.371,57
33.6697,-84.3666,57
33.6625,-84.3666,57
33.753,-84.3317,58
33.7349,-84.2709,58
33.6987,-84.3405,58
33.6878,-84.5143,58
33.6878,-84.4578,58
33.7712,-84.4012,59
33.7458,-84.4969,59
33.7385,-84.2752,59
33.6878,-84.5186,59
33.6806,-84.3449,59
33.8183,-84.3446,60
33.7893,-84.4012,60
33.7639,-84.4664,60
33.7059,-84.3057,60
33.6951,-84.3622,60
33.6914,-84.5186,60
33.8038,-84.4229,61
33.753,-84.3752,61
33.7494,-84.4447,61
33.7096,-84.3057,61
33.6878,-84.4535,61
33.677,-84.5013,61
33.677,-84.3492,61
33.6697,-84.3319,61
33.6552,-84.3623,61
33.84,-84.3445,62
33.8001,-84.4273,62
33.7748,-84.3925,62
33.7567,-84.4751,62
33.7241,-84.3057,62
33.6842,-84.3709,62
33.6661,-84.4839,62
33.6661,-84.3927,62
33.7603,-84.323,63
33.7313,-84.2709,63
33.7204,-84.4361,63
33.7096,-84.3405,63
33.7059,-84.3666,63
33.677,-84.3406,63
33.6552,-84.3449,63
33.7856,-84.449,64
33.7712,-84.4447,64
33.7422,-84.4578,64
33.7349,-84.4838,64
33.7349,-84.3578,64
33.7241,-84.3491,64
33.6987,-84.4795,64
33.6842,-84.3666,64
33.7965,-84.4099,65
33.753,-84.3143,65
33.7494,-84.3013,65
33.7241,-84.2883,65
33.7204,-84.3187,65
33.7059,-84.4274,65
33.6733,-84.3536,65
33.6697,-84.3753,65
33.7965,-84.4447,66
33.7856,-84.436,66
33.7422,-84.4186,66
33.7132,-84.3709,66
33.6987,-84.4317,66
33.6407,-84.332,66
33.7603,-84.4143,67
33.7422,-84.4534,67
33.7349,-84.2839,67
33.7241,-84.4665,67
33.6951,-84.4578,67
33.677,-84.5099,67
33.677,-84.3275,67
33.6588,-84.3797,67
33.7603,-84.4795,68
33.7494,-84.4751,68
33.7096,-84.4274,68
33.6733,-84.4839,68
33.6625,-84.358,68
33.6588,-84.4882,68
33.8581,-84.3576,69
33.8183,-84.3837,69
33.8001,-84.4186,69
33.7893,-84.4055,69
33.7567,-84.4925,69
33.7458,-84.4925,69
33.7458,-84.31,69
33.7132,-84.3057,69
33.6914,-84.4013,69
33.6806,-84.3536,69
33.6697,-84.3797,69
33.6661,-84.3883,69
33.8364,-84.3272,70
33.7567,-84.3186,70
33.7385,-84.4969,70
33.7023,-84.3362,70
33.677,-84.4752,70
33.6733,-84.5143,70
33.7856,-84.349,71
33.782,-84.3882,71
33.7712,-84.4404,71
33.7603,-84.4534,71
33.7567,-84.4534,71
33.7422,-84.31,71
33.7349,-84.4752,71
33.7349,-84.2752,71
33.7204,-84.4665,71
33.7132,-84.4404,71
33.7023,-84.3405,71
33.6987,-84.384,71
33.6552,-84.3363,71
33.6443,-84.3276,71
33.84,-84.3315,72
33.753,-84.3056,72
33.7422,-84.4969,72
33.7059,-84.4361,72
33.677,-84.3623,72
33.6733,-84.384,72
33.8074,-84.4316,73
33.7748,-84.4534,73
33.7603,-84.4578,73
33.7349,-84.3622,73
33.7168,-84.3318,73
33.7132,-84.3274,73
33.7096,-84.3666,73
33.6914,-84.384,73
33.6878,-84.3796,73
33.6842,-84.397,73
33.6733,-84.3579,73
33.7241,-84.3274,74
33.7204,-84.3318,74
33.6878,-84.4491,74
33.6842,-84.4665,74
33.6842,-84.3275,74
33.6806,-84.3666,74
33.6516,-84.3667,74
33.8001,-84.3359,75
33.7675,-84.4491,75
33.7458,-84.2926,75
33.7204,-84.4795,75
33.7023,-84.4317,75
33.6878,-84.3362,75
33.6733,-84.3883,75
33.7603,-84.436,76
33.753,-84.4534,76
33.7385,-84.2883,76
33.7349,-84.4317,76
33.8001,-84.4055,77
33.782,-84.3621,77
33.7675,-84.3751,77
33.7422,-84.423,77
33.7313,-84.3187,77
33.7313,-84.2666,77
33.7096,-84.4187,77
33.7059,-84.3796,77
33.6262,-84.4014,77
33.7712,-84.3447,78
33.753,-84.4447,78
33.7494,-84.4882,78
33.7204,-84.31,78
33.7059,-84.397,78
33.6625,-84.4839,78
33.7458,-84.3013,79
33.7422,-84.4925,79
33.7385,-84.423,79
33.6697,-84.4665,79
33.648,-84.5013,79
33.753,-84.4751,80
33.7494,-84.3056,80
33.7349,-84.4925,80
33.7241,-84.4274,80
33.7059,-84.4969,80
33.6588,-84.4752,80
33.7349,-84.4404,81
33.7204,-84.3144,81
33.6914,-84.3753,81
33.6733,-84.4665,81
33.6371,-84.3406,81
33.7893,-84.3447,82
33.7639,-84.436,82
33.7567,-84.4838,82
33.753,-84.4795,82
33.753,-84.3795,82
33.7349,-84.2883,82
33.7241,-84.3318,82
33.6842,-84.3492,82
33.6806,-84.3623,82
33.6733,-84.3666,82
33.7893,-84.4403,83
33.782,-84.4577,83
33.753,-84.4838,83
33.7385,-84.4795,83
33.7349,-84.4665,83
33.6951,-84.3883,83
33.6516,-84.4926,83
33.7603,-84.3969,84
33.7422,-84.4838,84
33.7422,-84.3056,84
33.7385,-84.2926,84
33.7168,-84.3057,84
33.7023,-84.3492,84
33.6733,-84.3319,84
33.6625,-84.4882,84
33.8364,-84.4098,85
33.8038,-84.4186,85
33.8001,-84.4447,85
33.7458,-84.4752,85
33.6842,-84.3536,85
33.811,-84.3316,86
33.8001,-84.449,86
33.7856,-84.3708,86
33.7748,-84.436,86
33.7748,-84.3316,86
33.7639,-84.3404,86
33.7567,-84.3708,86
33.7204,-84.4274,86
33.7168,-84.4056,86
33.7168,-84.3274,86
33.677,-84.3362,86
33.8581,-84.3532,87
33.7784,-84.4012,87
33.7422,-84.3013,87
33.7023,-84.3796,87
33.6697,-84.3406,87
33.6262,-84.4058,87
33.7893,-84.3664,88
33.7712,-84.449,88
33.7675,-84.3404,88
33.7494,-84.2969,88
33.7023,-84.4187,88
33.6625,-84.4709,88
33.8001,-84.4142,89
33.7675,-84.4404,89
33.7458,-84.3317,89
33.7385,-84.4273,89
33.7096,-84.3883,89
33.6951,-84.3275,89
33.7856,-84.4577,90
33.7856,-84.3968,90
33.782,-84.3664,90
33.7784,-84.349,90
33.753,-84.31,90
33.8183,-84.3576,91
33.7567,-84.436,91
33.7567,-84.336,91
33.7422,-84.4491,91
33.7313,-84.41,91
33.7313,-84.3231,91
33.7277,-84.31,91
33.7132,-84.423,91
33.7023,-84.3535,91
33.6878,-84.3623,91
33.6842,-84.3362,91
33.7893,-84.4142,92
33.7784,-84.3447,92
33.7748,-84.4447,92
33.7313,-84.3274,92
33.7168,-84.41,92
33.6987,-84.3362,92
33.6914,-84.4448,92
33.6878,-84.4708,92
33.7385,-84.4578,93
33.7385,-84.3317,93
33.7277,-84.2666,93
33.7096,-84.3579,93
33.6588,-84.4926,93
33.6516,-84.358,93
33.8327,-84.3315,94
33.753,-84.3187,94
33.7349,-84.4447,94
33.7349,-84.297,94
33.7313,-84.4795,94
33.6806,-84.4622,94
33.6806,-84.3492,94
33.6697,-84.3927,94
33.7965,-84.4055,95
33.7639,-84.4838,95
33.7059,-84.4317,95
33.6443,-84.3319,95
33.7675,-84.4273,96
33.7458,-84.4317,96
33.7422,-84.4317,96
33.6987,-84.3796,96
33.6661,-84.3536,96
33.6625,-84.371,96
33.8038,-84.4273,97
33.7277,-84.3361,97
33.7059,-84.4187,97
33.6806,-84.3883,97
33.6806,-84.384,97
33.6407,-84.4014,97
33.7639,-84.4577,98
33.7603,-84.4317,98
33.7422,-84.4273,98
33.7313,-84.31,98
33.7277,-84.4795,98
33.7096,-84.3926,98
33.6951,-84.3318,98
33.6299,-84.4231,98
33.7458,-84.4056,99
33.7965,-84.3968,100
33.782,-84.4012,100
33.7241,-84.3144,100
33.6878,-84.3318,100
33.8327,-84.3576,101
33.7132,-84.297,101
33.7059,-84.3709,101
33.7893,-84.4447,102
33.7893,-84.3838,102
33.7603,-84.4273,102
33.7349,-84.4056,102
33.7241,-84.31,102
33.6987,-84.423,102
33.6987,-84.3449,102
33.6661,-84.3623,102
33.7965,-84.3925,103
33.7458,-84.423,103
33.7277,-84.4882,103
33.7277,-84.3535,103
33.7059,-84.423,103
33.6878,-84.3275,103
33.677,-84.3319,103
33.8472,-84.3576,104
33.7494,-84.4795,104
33.7422,-84.4708,104
33.7204,-84.3274,104
33.7168,-84.397,104
33.7168,-84.3405,104
33.7132,-84.3448,104
33.7096,-84.423,104
33.7023,-84.423,104
33.6951,-84.4013,104
33.7929,-84.4099,105
33.7494,-84.3187,105
33.7349,-84.3317,105
33.7132,-84.3926,105
33.7059,-84.41,105
33.6697,-84.4839,105
33.7567,-84.4056,106
33.753,-84.4056,106
33.7494,-84.2926,106
33.6878,-84.4622,106
33.6625,-84.384,106
33.8001,-84.3838,107
33.7567,-84.4317,107
33.6842,-84.4622,107
33.648,-84.4926,107
33.8183,-84.3315,108
33.7784,-84.4056,108
33.7567,-84.3317,108
33.7385,-84.3882,108
33.7241,-84.3405,108
33.8364,-84.3315,109
33.7639,-84.4795,109
33.7422,-84.4404,109
33.7385,-84.4925,109
33.7385,-84.3622,109
33.7059,-84.3579,109
33.6697,-84.4752,109
33.8219,-84.3489,110
33.7313,-84.3404,110
33.7168,-84.3752,110
33.7168,-84.3361,110
33.648,-84.3536,110
33.7494,-84.3752,111
33.7422,-84.4882,111
33.7422,-84.4056,111
33.7313,-84.4752,111
33.677,-84.4969,111
33.6371,-84.345,111
33.7893,-84.3968,112
33.7422,-84.4143,112
33.7313,-84.2926,112
33.7277,-84.3187,112
33.6226,-84.4231,112
33.7748,-84.3447,113
33.7422,-84.41,113
33.7422,-84.2926,113
33.7385,-84.4752,113
33.7349,-84.3187,113
33.7241,-84.3448,113
33.7059,-84.3535,113
33.6842,-84.3753,113
33.7567,-84.4404,114
33.7422,-84.3317,114
33.7385,-84.3361,114
33.7168,-84.4187,114
33.7168,-84.3101,114
33.7132,-84.3014,114
33.6914,-84.3883,114
33.677,-84.384,114
33.7458,-84.2969,115
33.7349,-84.41,115
33.7277,-84.3144,115
33.7168,-84.4882,115
33.6806,-84.3753,115
33.8038,-84.349,116
33.7893,-84.3925,116
33.7784,-84.423,116
33.7385,-84.323,116
33.7204,-84.3231,116
33.753,-84.436,117
33.7349,-84.4274,117
33.7349,-84.3361,117
33.7349,-84.3144,117
33.6733,-84.3449,117
33.7965,-84.449,118
33.7349,-84.3882,118
33.7204,-84.3839,118
33.782,-84.3925,119
33.7422,-84.4447,119
33.7132,-84.4143,119
33.7059,-84.4404,119
33.6842,-84.3579,119
33.7422,-84.436,120
33.7349,-84.3491,120
33.7204,-84.3405,120
33.6987,-84.3883,121
33.7856,-84.4012,122
33.6806,-84.371,122
33.7458,-84.3143,123
33.6987,-84.4013,123
33.6878,-84.3753,123
33.7639,-84.336,124
33.7458,-84.4447,124
33.7277,-84.2926,124
33.7204,-84.4187,125
33.7132,-84.41,125
33.7639,-84.4317,126
33.7603,-84.4404,126
33.7567,-84.3969,126
33.7458,-84.3187,126
33.6842,-84.3883,126
33.6516,-84.3536,126
33.7784,-84.3664,127
33.7349,-84.4187,127
33.7241,-84.423,127
33.8219,-84.362,128
33.7458,-84.4404,128
33.7422,-84.3187,128
33.7132,-84.4187,128
33.7639,-84.323,129
33.7168,-84.3492,129
33.7132,-84.3361,129
33.6987,-84.4187,129
33.6987,-84.4144,129
33.6878,-84.397,129
33.7385,-84.436,130
33.7204,-84.3578,130
33.7784,-84.4273,131
33.7748,-84.4708,131
33.7059,-84.4144,131
33.7494,-84.3534,132
33.6697,-84.4709,132
33.7929,-84.4403,133
33.7712,-84.3317,133
33.7422,-84.2969,133
33.7349,-84.3057,133
33.6588,-84.3753,133
33.7748,-84.3708,134
33.7712,-84.423,134
33.7603,-84.4838,134
33.6987,-84.3926,134
33.6842,-84.4708,134
33.7965,-84.349,135
33.7712,-84.436,135
33.7313,-84.4056,135
33.6806,-84.4926,135
33.6661,-84.358,135
33.6588,-84.3449,135
33.8074,-84.362,136
33.7422,-84.3361,136
33.7204,-84.4013,136
33.7096,-84.41,136
33.6914,-84.3622,136
33.6733,-84.3362,136
33.7856,-84.4534,137
33.7494,-84.4838,137
33.7458,-84.4273,137
33.7385,-84.3839,137
33.7385,-84.3057,137
33.7132,-84.3839,138
33.6951,-84.3709,138
33.6914,-84.3927,138
33.8001,-84.3446,139
33.7132,-84.3405,139
33.7567,-84.4491,140
33.6552,-84.371,140
33.7603,-84.4186,141
33.7204,-84.3535,141
33.7023,-84.3579,141
33.782,-84.3751,142
33.7567,-84.423,142
33.7277,-84.4187,142
33.6371,-84.3363,142
33.753,-84.423,143
33.7349,-84.4534,143
33.7204,-84.423,143
33.811,-84.3272,144
33.7965,-84.4142,144
33.8183,-84.4011,145
33.7349,-84.3839,145
33.7277,-84.3318,145
33.753,-84.4143,147
33.7458,-84.3534,147
33.7385,-84.31,147
33.8146,-84.3316,148
33.7458,-84.3274,149
33.7929,-84.3447,150
33.7712,-84.4273,150
33.7639,-84.4447,150
33.7458,-84.4838,150
33.7458,-84.436,150
33.7349,-84.2665,150
33.7712,-84.3708,151
33.7385,-84.297,151
33.7567,-84.4273,152
33.7458,-84.3795,152
33.7458,-84.3056,152
33.7277,-84.3404,152
33.7096,-84.4143,152
33.6661,-84.3666,152
33.8364,-84.3533,153
33.8255,-84.3489,153
33.7675,-84.3273,153
33.7494,-84.3143,153
33.7422,-84.4752,153
33.7349,-84.3404,153
33.7856,-84.4403,154
33.7385,-84.41,154
33.7277,-84.3491,154
33.7929,-84.349,155
33.753,-84.336,155
33.6552,-84.3667,155
33.7965,-84.3316,157
33.7748,-84.3664,157
33.7458,-84.4143,157
33.7204,-84.3492,158
33.7748,-84.4273,159
33.7603,-84.4491,159
33.7349,-84.3926,159
33.7385,-84.4056,160
33.6987,-84.3709,160
33.7856,-84.3447,161
33.7784,-84.3273,161
33.7712,-84.4317,161
33.7277,-84.41,161
33.7567,-84.4447,162
33.7059,-84.4057,164
33.7567,-84.3839,165
33.7385,-84.3187,165
33.8327,-84.4055,166
33.7856,-84.3882,166
33.7675,-84.436,166
33.7422,-84.4013,166
33.7349,-84.3274,166
33.6987,-84.3579,166
33.7567,-84.4186,167
33.7458,-84.41,167
33.6625,-84.3753,167
33.8001,-84.3272,168
33.7748,-84.3534,168
33.7494,-84.4186,168
33.7349,-84.31,168
33.7313,-84.3709,168
33.7712,-84.3795,170
33.8038,-84.3403,171
33.7639,-84.3317,171
33.7385,-84.4143,171
33.7132,-84.3535,171
33.8038,-84.3446,172
33.753,-84.3665,172
33.7494,-84.3447,172
33.8617,-84.3663,173
33.811,-84.3359,173
33.7965,-84.4534,173
33.7385,-84.4013,173
33.7385,-84.3404,173
33.7277,-84.3578,173
33.8219,-84.3576,174
33.7567,-84.3795,174
33.7385,-84.3143,174
33.7168,-84.4013,174
33.7023,-84.4144,174
33.6987,-84.397,174
33.6987,-84.3275,174
33.7458,-84.4186,175
33.7422,-84.3839,175
33.7313,-84.3535,175
33.7712,-84.3838,176
33.7603,-84.3795,177
33.7241,-84.4187,177
33.7241,-84.3535,177
33.7494,-84.3404,178
33.7241,-84.3361,178
33.7494,-84.31,179
33.7856,-84.3664,180
33.7204,-84.3361,180
33.7023,-84.3709,180
33.8291,-84.3446,181
33.753,-84.3969,182
33.7168,-84.4143,182
33.7168,-84.3926,182
33.7422,-84.4795,183
33.7385,-84.3013,183
33.7168,-84.3535,183
33.8364,-84.3576,184
33.6806,-84.4969,184
33.7168,-84.3709,186
33.753,-84.4186,187
33.7458,-84.3448,187
33.7349,-84.4143,187
33.6262,-84.4145,187
33.8001,-84.349,188
33.7349,-84.323,189
33.7096,-84.4361,189
33.7494,-84.3839,190
33.7458,-84.4013,190
33.7929,-84.3403,191
33.7313,-84.3622,191
33.8001,-84.4012,192
33.7639,-84.4404,192
33.753,-84.3839,192
33.6878,-84.3579,192
33.6733,-84.4882,192
33.7023,-84.41,193
33.6335,-84.3407,193
33.7023,-84.3275,194
33.7277,-84.3274,195
33.8617,-84.3576,196
33.7241,-84.3839,196
33.7241,-84.3622,196
33.6262,-84.4101,196
33.6661,-84.3797,197
33.7965,-84.3359,198
33.7458,-84.3839,198
33.7277,-84.3622,198
33.6914,-84.3709,198
33.7748,-84.3969,199
33.7567,-84.3404,199
33.6588,-84.4709,199
33.7603,-84.3882,201
33.677,-84.4839,201
33.8291,-84.3533,202
33.7458,-84.3361,202
33.6951,-84.3926,202
33.6914,-84.397,202
33.8364,-84.4055,204
33.7567,-84.4143,204
33.753,-84.4317,204
33.7059,-84.3926,204
33.6951,-84.4274,204
33.8001,-84.3316,205
33.7639,-84.3882,205
33.753,-84.4273,205
33.6625,-84.3797,205
33.7385,-84.3274,206
33.7096,-84.3275,206
33.6661,-84.3493,206
33.7349,-84.436,207
33.7603,-84.423,208
33.7422,-84.3274,208
33.6588,-84.371,208
33.6914,-84.3405,209
33.6842,-84.4752,209
33.6878,-84.3927,210
33.7277,-84.3882,211
33.6806,-84.5099,211
33.8219,-84.3446,212
33.7494,-84.3969,212
33.7458,-84.3969,212
33.7313,-84.3448,212
33.6914,-84.4622,212
33.7023,-84.3839,213
33.8074,-84.349,214
33.7712,-84.3664,214
33.7277,-84.3969,214
33.7241,-84.4056,214
33.7241,-84.3187,214
33.6914,-84.3579,215
33.7639,-84.4751,216
33.7313,-84.4143,216
33.7204,-84.41,216
33.7096,-84.4057,217
33.7494,-84.4273,218
33.7277,-84.4056,218
33.6806,-84.3319,218
33.7784,-84.3838,219
33.7458,-84.3708,219
33.7349,-84.3448,219
33.7059,-84.3883,220
33.7603,-84.3925,221
33.7675,-84.3795,225
33.6878,-84.3536,225
33.7458,-84.3926,228
33.7313,-84.3926,228
33.7204,-84.397,228
33.7204,-84.3883,228
33.7567,-84.3447,230
33.7023,-84.3622,230
33.7712,-84.3751,231
33.7059,-84.3839,231
33.7675,-84.3317,232
33.7639,-84.3491,232
33.7494,-84.3317,232
33.7096,-84.4404,232
33.8001,-84.3707,233
33.7784,-84.449,234
33.8074,-84.4229,235
33.753,-84.3926,235
33.7059,-84.3275,235
33.6516,-84.5013,235
33.7748,-84.3751,236
33.8436,-84.3576,237
33.8038,-84.3664,237
33.7023,-84.3883,237
33.7385,-84.4187,238
33.7023,-84.4057,238
33.7132,-84.4057,239
33.7059,-84.3622,240
33.6951,-84.4317,240
33.8074,-84.3272,241
33.753,-84.3534,241
33.7241,-84.3578,241
33.7096,-84.397,241
33.7929,-84.3881,242
33.7313,-84.2883,242
33.6914,-84.4274,242
33.7349,-84.4708,243
33.7204,-84.3709,244
33.7132,-84.397,244
33.7132,-84.3883,244
33.7422,-84.3448,245
33.6951,-84.397,245
33.7748,-84.3577,246
33.7277,-84.4143,247
33.8255,-84.3446,249
33.753,-84.4099,249
33.7096,-84.3839,250
33.7023,-84.3926,250
33.7639,-84.3665,251
33.6987,-84.3622,251
33.7241,-84.3969,253
33.7675,-84.4317,255
33.7494,-84.4317,255
33.7313,-84.4013,255
33.7096,-84.4013,255
33.7712,-84.3534,256
33.7567,-84.3882,256
33.7132,-84.4013,256
33.7277,-84.2883,257
33.6914,-84.3362,260
33.7313,-84.3317,262
33.7059,-84.3448,262
33.753,-84.4882,263
33.7494,-84.323,263
33.7349,-84.4013,263
33.7241,-84.3883,263
33.7748,-84.4012,265
33.7385,-84.4708,265
33.753,-84.3578,267
33.6951,-84.4231,267
33.7422,-84.4665,268
33.6914,-84.4578,269
33.7494,-84.4143,270
33.7204,-84.3622,270
33.6951,-84.4187,270
33.84,-84.3576,275
33.7639,-84.3447,275
33.7168,-84.3883,275
33.7675,-84.4664,276
33.677,-84.4882,276
33.7168,-84.3578,277
33.6552,-84.4795,278
33.6262,-84.4231,279
33.7241,-84.4143,280
33.8074,-84.4273,281
33.782,-84.349,281
33.7422,-84.3404,281
33.6842,-84.3927,281
33.6661,-84.3753,282
33.7204,-84.4056,283
33.6443,-84.4882,283
33.7893,-84.3751,284
33.8291,-84.3359,285
33.753,-84.3882,285
33.7023,-84.3448,285
33.7277,-84.3752,286
33.7277,-84.3448,286
33.6951,-84.3535,286
33.6914,-84.4361,286
33.7132,-84.3665,288
33.7494,-84.436,289
33.7712,-84.3882,292
33.7204,-84.4882,292
33.7494,-84.3882,294
33.7168,-84.3665,294
33.6914,-84.4404,296
33.7639,-84.3534,297
33.7168,-84.3839,297
33.7241,-84.3231,298
33.6987,-84.3753,298
33.7494,-84.3578,299
33.7349,-84.3013,300
33.6878,-84.4013,300
33.7023,-84.5012,301
33.6625,-84.3927,301
33.6951,-84.3579,304
33.6588,-84.3493,304
33.7639,-84.4491,307
33.7567,-84.3925,308
33.7965,-84.3664,309
33.7639,-84.4273,309
33.7494,-84.4099,309
33.7277,-84.4013,310
33.8327,-84.3359,311
33.6914,-84.3492,311
33.7748,-84.3621,312
33.7675,-84.4708,312
33.753,-84.3404,312
33.7893,-84.3708,314
33.7639,-84.3273,314
33.7784,-84.3621,316
33.7603,-84.3491,316
33.6661,-84.4709,316
33.8146,-84.3403,322
33.7385,-84.3535,322
33.6697,-84.4795,322
33.782,-84.3447,324
33.7422,-84.3969,324
33.6842,-84.384,324
33.7494,-84.3361,325
33.7675,-84.3664,329
33.7204,-84.3752,329
33.677,-84.4926,330
33.7277,-84.3709,331
33.6661,-84.3449,331
33.782,-84.3838,333
33.7349,-84.3665,334
33.6914,-84.3536,334
33.8255,-84.3576,335
33.6951,-84.3753,335
33.6914,-84.3318,336
33.6697,-84.371,338
33.7965,-84.3403,339
33.7422,-84.3535,339
33.7385,-84.3969,339
33.7059,-84.4013,343
33.7349,-84.3969,344
33.7567,-84.3273,345
33.7965,-84.3446,346
33.677,-84.4665,347
33.8255,-84.3533,348
33.7856,-84.4447,348
33.7603,-84.4447,349
33.7965,-84.3881,350
33.7096,-84.3796,350
33.811,-84.3446,351
33.7675,-84.3447,351
33.7023,-84.3666,354
33.7241,-84.4013,356
33.7603,-84.3665,357
33.7675,-84.3925,358
33.7603,-84.3838,358
33.7567,-84.3665,360
33.6878,-84.384,360
33.8219,-84.3533,365
33.7712,-84.4664,365
33.7494,-84.4056,365
33.7385,-84.4534,367
33.6588,-84.3666,370
33.753,-84.3447,373
33.7132,-84.3622,375
33.8183,-84.362,378
33.8291,-84.3576,383
33.7856,-84.3838,386
33.7603,-84.336,386
33.7965,-84.4012,390
33.7132,-84.3796,390
33.7132,-84.3752,392
33.7313,-84.3578,395
33.7856,-84.3925,396
33.7277,-84.3839,396
33.7204,-84.4143,397
33.7422,-84.4621,398
33.7422,-84.3795,399
33.6552,-84.4709,399
33.7204,-84.3926,400
33.753,-84.3273,401
33.7494,-84.4013,401
33.7168,-84.3796,402
33.7639,-84.4534,409
33.7567,-84.4099,410
33.8364,-84.3446,411
33.7422,-84.3143,412
33.7277,-84.4839,413
33.7204,-84.3665,415
33.7603,-84.3534,420
33.7385,-84.3795,420
33.7422,-84.3882,421
33.7675,-84.3534,423
33.7241,-84.3752,429
33.7096,-84.3752,430
33.6407,-84.4839,431
33.7168,-84.3622,436
33.7132,-84.3579,436
33.7241,-84.3709,441
33.7603,-84.3273,445
33.7748,-84.3795,451
33.6733,-84.4622,454
33.6407,-84.4882,454
33.7422,-84.3708,460
33.8074,-84.3446,464
33.7603,-84.3447,464
33.8074,-84.3403,467
33.7313,-84.4839,469
33.84,-84.3358,476
33.7929,-84.3707,477
33.677,-84.4622,479
33.7313,-84.3491,483
33.7385,-84.3752,493
33.7096,-84.3709,494
33.7458,-84.3578,498
33.7639,-84.3838,508
33.6262,-84.4188,508
33.8038,-84.3272,509
33.7603,-84.3578,514
33.8327,-84.3446,518
33.7422,-84.3491,518
33.753,-84.3491,521
33.8001,-84.3664,525
33.7422,-84.3621,530
33.7385,-84.3448,531
33.6842,-84.4578,532
33.7385,-84.4404,535
33.753,-84.323,538
33.7385,-84.3708,541
33.7313,-84.3969,546
33.7675,-84.3491,548
33.7567,-84.3534,550
33.7965,-84.3707,552
33.7494,-84.3795,555
33.6878,-84.3883,555
33.6878,-84.4318,557
33.6878,-84.4404,562
33.8364,-84.3359,563
33.7385,-84.3926,565
33.7458,-84.3491,575
33.7385,-84.4621,576
33.7277,-84.3231,584
33.7277,-84.3796,587
33.7349,-84.3752,591
33.6588,-84.3623,592
33.753,-84.3621,599
33.6733,-84.4709,599
33.7458,-84.323,605
33.6878,-84.4274,605
33.6443,-84.4839,609
33.7567,-84.3621,616
33.7494,-84.3274,617
33.7675,-84.3838,618
33.7385,-84.4491,618
33.7748,-84.449,622
33.7494,-84.3491,626
33.7385,-84.3578,634
33.7313,-84.3839,635
33.6661,-84.371,639
33.7349,-84.3535,643
33.7458,-84.4795,648
33.7603,-84.3317,650
33.7639,-84.3578,653
33.84,-84.3402,656
33.7204,-84.3796,656
33.8291,-84.3489,657
33.7458,-84.3404,662
33.8327,-84.3489,663
33.7675,-84.3621,671
33.7494,-84.3926,674
33.7385,-84.4447,683
33.7422,-84.3578,689
33.7241,-84.3796,689
33.6661,-84.384,691
33.7385,-84.4665,694
33.7675,-84.3882,742
33.7313,-84.3796,745
33.7603,-84.3621,746
33.7458,-84.3882,748
33.7784,-84.3708,758
33.7241,-84.3926,759
33.7567,-84.3491,769
33.6987,-84.3666,772
33.7675,-84.3577,776
33.7494,-84.3708,783
33.6914,-84.4317,784
33.8364,-84.3402,785
33.7494,-84.3621,791
33.753,-84.3708,793
33.6951,-84.3362,796
33.7349,-84.3795,807
33.811,-84.3403,827
33.7712,-84.3577,841
33.7385,-84.3491,885
33.7494,-84.3665,923
33.6733,-84.4752,932
33.7458,-84.3665,999
33.7784,-84.3751,1024
33.7277,-84.3926,1051
33.7712,-84.3621,1052
33.7349,-84.3709,1123
33.6697,-84.384,1128
33.7603,-84.3404,1191
33.7639,-84.3621,1199
33.7241,-84.41,1324
33.7567,-84.3578,1404
33.7422,-84.3665,1467
33.7422,-84.323,1570
33.7422,-84.3926,1630
33.7458,-84.3621,2172
33.7893,-84.3881,2260
33.7385,-84.3665,3132
33.8327,-84.3402,3457
