33.8708,33.8672,-84.3815,-84.3771,1
33.8708,33.8672,-84.3684,-84.3641,1
33.8708,33.8672,-84.3293,-84.3249,1
33.8672,33.8635,-84.412,-84.4076,1
33.8672,33.8635,-84.3945,-84.3902,1
33.8672,33.8635,-84.3554,-84.351,1
33.8672,33.8635,-84.351,-84.3467,1
33.8672,33.8635,-84.3336,-84.3293,1
33.8635,33.8599,-84.4076,-84.4033,1
33.8635,33.8599,-84.4033,-84.3989,1
33.8635,33.8599,-84.3946,-84.3902,1
33.8635,33.8599,-84.351,-84.3467,1
33.8635,33.8599,-84.3423,-84.338,1
33.8635,33.8599,-84.3249,-84.3206,1
33.8599,33.8563,-84.4163,-84.412,1
33.8599,33.8563,-84.4076,-84.4033,1
33.8599,33.8563,-84.3859,-84.3815,1
33.8599,33.8563,-84.3815,-84.3772,1
33.8599,33.8563,-84.3728,-84.3684,1
33.8599,33.8563,-84.3641,-84.3597,1
33.8599,33.8563,-84.351,-84.3467,1
33.8599,33.8563,-84.3249,-84.3206,1
33.8563,33.8527,-84.3772,-84.3728,1
33.8563,33.8527,-84.3641,-84.3597,1
33.8563,33.8527,-84.351,-84.3467,1
33.8563,33.8527,-84.3423,-84.338,1
33.8563,33.8527,-84.3293,-84.3249,1
33.8527,33.8491,-84.4337,-84.4294,1
33.8527,33.8491,-84.412,-84.4076,1
33.8527,33.8491,-84.4076,-84.4033,1
33.8527,33.8491,-84.3902,-84.3859,1
33.8527,33.8491,-84.3859,-84.3815,1
33.8527,33.8491,-84.3728,-84.3685,1
33.8527,33.8491,-84.3293,-84.3249,1
33.8491,33.8454,-84.425,-84.4207,1
33.8491,33.8454,-84.4207,-84.4163,1
33.8491,33.8454,-84.4163,-84.412,1
33.8491,33.8454,-84.4076,-84.4033,1
33.8491,33.8454,-84.3989,-84.3946,1
33.8491,33.8454,-84.3859,-84.3815,1
33.8491,33.8454,-84.3772,-84.3728,1
33.8491,33.8454,-84.3337,-84.3293,1
33.8491,33.8454,-84.3293,-84.3249,1
33.8454,33.8418,-84.4163,-84.412,1
33.8454,33.8418,-84.3989,-84.3946,1
33.8454,33.8418,-84.3946,-84.3902,1
33.8418,33.8382,-84.412,-84.4076,1
33.8418,33.8382,-84.3902,-84.3859,1
33.8418,33.8382,-84.3772,-84.3728,1
33.8418,33.8382,-84.325,-84.3206,1
33.8382,33.8346,-84.4207,-84.4164,1
33.8382,33.8346,-84.4164,-84.412,1
33.8382,33.8346,-84.3859,-84.3815,1
33.8382,33.8346,-84.3772,-84.3728,1
33.8382,33.8346,-84.3685,-84.3641,1
33.8346,33.8309,-84.4338,-84.4294,1
33.8346,33.8309,-84.4207,-84.4164,1
33.8346,33.8309,-84.3946,-84.3902,1
33.8346,33.8309,-84.3859,-84.3815,1
33.8346,33.8309,-84.3772,-84.3728,1
33.8346,33.8309,-84.3728,-84.3685,1
33.8346,33.8309,-84.325,-84.3206,1
33.8309,33.8273,-84.4207,-84.4164,1
33.8309,33.8273,-84.399,-84.3946,1
33.8309,33.8273,-84.3685,-84.3642,1
33.8309,33.8273,-84.325,-84.3206,1
33.8273,33.8237,-84.4207,-84.4164,1
33.8273,33.8237,-84.3903,-84.3859,1
33.8273,33.8237,-84.3729,-84.3685,1
33.8237,33.8201,-84.4294,-84.4251,1
33.8237,33.8201,-84.4251,-84.4207,1
33.8237,33.8201,-84.4077,-84.4033,1
33.8237,33.8201,-84.3772,-84.3729,1
33.8201,33.8164,-84.3946,-84.3903,1
33.8201,33.8164,-84.3772,-84.3729,1
33.8201,33.8164,-84.3729,-84.3685,1
33.8201,33.8164,-84.3685,-84.3642,1
33.8164,33.8128,-84.4294,-84.4251,1
33.8164,33.8128,-84.399,-84.3946,1
33.8164,33.8128,-84.3685,-84.3642,1
33.8128,33.8092,-84.4207,-84.4164,1
33.8128,33.8092,-84.4033,-84.399,1
33.8092,33.8056,-84.3816,-84.3772,1
33.8092,33.8056,-84.3685,-84.3642,1
33.802,33.7983,-84.3599,-84.3555,1
33.802,33.7983,-84.3555,-84.3512,1
33.7983,33.7947,-84.4338,-84.4295,1
33.7983,33.7947,-84.3251,-84.3207,1
33.7947,33.7911,-84.4642,-84.4599,1
33.7911,33.7875,-84.3816,-84.3773,1
33.7911,33.7875,-84.3251,-84.3207,1
33.7875,33.7838,-84.3294,-84.3251,1
33.7875,33.7838,-84.3164,-84.3121,1
33.7838,33.7802,-84.4382,-84.4338,1
33.7838,33.7802,-84.4164,-84.4121,1
33.7838,33.7802,-84.3599,-84.3555,1
33.7838,33.7802,-84.3208,-84.3164,1
33.7802,33.7766,-84.4469,-84.4425,1
33.7802,33.7766,-84.3382,-84.3338,1
33.7802,33.7766,-84.3251,-84.3208,1
33.7766,33.773,-84.4643,-84.4599,1
33.773,33.7693,-84.4773,-84.473,1
33.773,33.7693,-84.4164,-84.4121,1
33.7693,33.7657,-84.373,-84.3686,1
33.7657,33.7621,-84.4251,-84.4208,1
33.7657,33.7621,-84.373,-84.3686,1
33.7621,33.7585,-84.373,-84.3686,1
33.7585,33.7549,-84.3034,-84.2991,1
33.7549,33.7512,-84.4034,-84.3991,1
33.7512,33.7476,-84.4686,-84.4643,1
33.7476,33.744,-84.3774,-84.373,1
33.7404,33.7367,-84.5034,-84.4991,1
33.7404,33.7367,-84.2687,-84.2644,1
33.7331,33.7295,-84.4991,-84.4947,1
33.7295,33.7259,-84.4773,-84.473,1
33.7295,33.7259,-84.4513,-84.4469,1
33.7295,33.7259,-84.4469,-84.4426,1
33.7295,33.7259,-84.2818,-84.2774,1
33.7259,33.7222,-84.4904,-84.486,1
33.7259,33.7222,-84.4817,-84.4773,1
33.7259,33.7222,-84.4382,-84.4339,1
33.7259,33.7222,-84.2818,-84.2774,1
33.7222,33.7186,-84.5078,-84.5034,1
33.7186,33.715,-84.5208,-84.5164,1
33.7186,33.715,-84.5078,-84.5034,1
33.7186,33.715,-84.4817,-84.4773,1
33.7186,33.715,-84.4513,-84.4469,1
33.7186,33.715,-84.3209,-84.3166,1
33.715,33.7114,-84.5295,-84.5251,1
33.715,33.7114,-84.5251,-84.5208,1
33.7114,33.7077,-84.5295,-84.5251,1
33.7114,33.7077,-84.5251,-84.5208,1
33.7114,33.7077,-84.5208,-84.5164,1
33.7114,33.7077,-84.5121,-84.5078,1
33.7114,33.7077,-84.4817,-84.4773,1
33.7114,33.7077,-84.334,-84.3296,1
33.7114,33.7077,-84.2992,-84.2949,1
33.7077,33.7041,-84.4904,-84.486,1
33.7077,33.7041,-84.486,-84.4817,1
33.7041,33.7005,-84.5164,-84.5121,1
33.7041,33.7005,-84.5078,-84.5034,1
33.7041,33.7005,-84.4904,-84.486,1
33.7041,33.7005,-84.473,-84.4687,1
33.7041,33.7005,-84.4643,-84.46,1
33.7005,33.6969,-84.5208,-84.5165,1
33.7005,33.6969,-84.5121,-84.5078,1
33.7005,33.6969,-84.5034,-84.4991,1
33.7005,33.6969,-84.473,-84.4687,1
33.7005,33.6969,-84.4426,-84.4383,1
33.6969,33.6933,-84.5208,-84.5165,1
33.6969,33.6933,-84.4513,-84.4469,1
33.6969,33.6933,-84.3688,-84.3644,1
33.6969,33.6933,-84.3427,-84.3383,1
33.6933,33.6896,-84.5251,-84.5208,1
33.6933,33.6896,-84.4209,-84.4165,1
33.6933,33.6896,-84.4079,-84.4035,1
33.6933,33.6896,-84.3297,-84.3253,1
33.6933,33.6896,-84.3123,-84.3079,1
33.6896,33.686,-84.3514,-84.347,1
33.686,33.6824,-84.3427,-84.3384,1
33.6788,33.6751,-84.46,-84.4556,1
33.6788,33.6751,-84.3601,-84.3558,1
33.6715,33.6679,-84.5078,-84.5034,1
33.6715,33.6679,-84.5034,-84.4991,1
33.6715,33.6679,-84.3558,-84.3514,1
33.6679,33.6643,-84.4991,-84.4947,1
33.6606,33.657,-84.3905,-84.3862,1
33.6606,33.657,-84.3428,-84.3384,1
33.657,33.6534,-84.3515,-84.3471,1
33.6534,33.6498,-84.3384,-84.3341,1
33.6534,33.6498,-84.3341,-84.3298,1
33.6498,33.6462,-84.3732,-84.3688,1
33.6498,33.6462,-84.3471,-84.3428,1
33.6498,33.6462,-84.3428,-84.3384,1
33.6462,33.6425,-84.3949,-84.3906,1
33.6462,33.6425,-84.3732,-84.3688,1
33.6425,33.6389,-84.4948,-84.4904,1
33.6425,33.6389,-84.4079,-84.4036,1
33.6425,33.6389,-84.3992,-84.3949,1
33.6425,33.6389,-84.3732,-84.3689,1
33.6353,33.6317,-84.421,-84.4166,1
33.6353,33.6317,-84.3732,-84.3689,1
33.6353,33.6317,-84.3689,-84.3645,1
33.6317,33.628,-84.4296,-84.4253,1
33.6244,33.6208,-84.4036,-84.3993,1
33.6172,33.6135,-84.408,-84.4036,1
33.4469,33.4433,-84.2696,-84.2653,1
33.8672,33.8635,-84.3858,-84.3815,2
33.8635,33.8599,-84.3815,-84.3771,2
33.8635,33.8599,-84.3641,-84.3597,2
33.8635,33.8599,-84.3467,-84.3423,2
33.8635,33.8599,-84.3336,-84.3293,2
33.8599,33.8563,-84.4207,-84.4163,2
33.8599,33.8563,-84.3423,-84.338,2
33.8563,33.8527,-84.4163,-84.412,2
33.8563,33.8527,-84.3989,-84.3946,2
33.8563,33.8527,-84.3815,-84.3772,2
33.8563,33.8527,-84.3728,-84.3685,2
33.8563,33.8527,-84.3336,-84.3293,2
33.8563,33.8527,-84.3249,-84.3206,2
33.8527,33.8491,-84.3989,-84.3946,2
33.8527,33.8491,-84.3946,-84.3902,2
33.8527,33.8491,-84.3815,-84.3772,2
33.8527,33.8491,-84.3685,-84.3641,2
33.8527,33.8491,-84.3641,-84.3598,2
33.8491,33.8454,-84.3728,-84.3685,2
33.8491,33.8454,-84.3554,-84.3511,2
33.8454,33.8418,-84.4207,-84.4163,2
33.8454,33.8418,-84.3467,-84.3424,2
33.8454,33.8418,-84.338,-84.3337,2
33.8454,33.8418,-84.325,-84.3206,2
33.8418,33.8382,-84.3815,-84.3772,2
33.8382,33.8346,-84.3728,-84.3685,2
33.8346,33.8309,-84.3554,-84.3511,2
33.8309,33.8273,-84.3946,-84.3903,2
33.8309,33.8273,-84.3859,-84.3816,2
33.8273,33.8237,-84.4251,-84.4207,2
33.8273,33.8237,-84.4077,-84.4033,2
33.8273,33.8237,-84.3946,-84.3903,2
33.8273,33.8237,-84.3772,-84.3729,2
33.8237,33.8201,-84.412,-84.4077,2
33.8237,33.8201,-84.3685,-84.3642,2
33.8237,33.8201,-84.3337,-84.3294,2
33.8201,33.8164,-84.4251,-84.4207,2
33.8201,33.8164,-84.4207,-84.4164,2
33.8201,33.8164,-84.412,-84.4077,2
33.8201,33.8164,-84.3294,-84.325,2
33.8164,33.8128,-84.4164,-84.412,2
33.8164,33.8128,-84.412,-84.4077,2
33.8164,33.8128,-84.4077,-84.4033,2
33.8128,33.8092,-84.3903,-84.3859,2
33.8128,33.8092,-84.3772,-84.3729,2
33.8128,33.8092,-84.3685,-84.3642,2
33.8128,33.8092,-84.3555,-84.3511,2
33.8128,33.8092,-84.325,-84.3207,2
33.8092,33.8056,-84.4033,-84.399,2
33.8092,33.8056,-84.3946,-84.3903,2
33.8056,33.802,-84.4164,-84.412,2
33.8056,33.802,-84.3903,-84.3859,2
33.802,33.7983,-84.4599,-84.4555,2
33.7983,33.7947,-84.3773,-84.3729,2
33.7947,33.7911,-84.4382,-84.4338,2
33.7947,33.7911,-84.3686,-84.3642,2
33.7911,33.7875,-84.4643,-84.4599,2
33.7911,33.7875,-84.4208,-84.4164,2
33.7911,33.7875,-84.3555,-84.3512,2
33.7911,33.7875,-84.3164,-84.312,2
33.7875,33.7838,-84.4686,-84.4643,2
33.7838,33.7802,-84.4512,-84.4469,2
33.7838,33.7802,-84.399,-84.3947,2
33.7838,33.7802,-84.3729,-84.3686,2
33.7838,33.7802,-84.3295,-84.3251,2
33.7802,33.7766,-84.4382,-84.4338,2
33.7766,33.773,-84.3512,-84.3469,2
33.7693,33.7657,-84.4251,-84.4208,2
33.7693,33.7657,-84.3991,-84.3947,2
33.7585,33.7549,-84.3078,-84.3034,2
33.7549,33.7512,-84.4947,-84.4904,2
33.7476,33.744,-84.473,-84.4686,2
33.7367,33.7331,-84.5164,-84.5121,2
33.7367,33.7331,-84.5034,-84.4991,2
33.7367,33.7331,-84.4991,-84.4947,2
33.7367,33.7331,-84.4904,-84.486,2
33.7331,33.7295,-84.3078,-84.3035,2
33.7331,33.7295,-84.2992,-84.2948,2
33.7295,33.7259,-84.5078,-84.5034,2
33.7295,33.7259,-84.4556,-84.4513,2
33.7259,33.7222,-84.4991,-84.4947,2
33.7259,33.7222,-84.3687,-84.3644,2
33.7222,33.7186,-84.4773,-84.473,2
33.7222,33.7186,-84.347,-84.3426,2
33.7186,33.715,-84.4687,-84.4643,2
33.7186,33.715,-84.46,-84.4556,2
33.7186,33.715,-84.4295,-84.4252,2
33.7186,33.715,-84.3166,-84.3122,2
33.715,33.7114,-84.5164,-84.5121,2
33.715,33.7114,-84.5078,-84.5034,2
33.715,33.7114,-84.4556,-84.4513,2
33.715,33.7114,-84.4469,-84.4426,2
33.715,33.7114,-84.3253,-84.3209,2
33.7114,33.7077,-84.4904,-84.486,2
33.7114,33.7077,-84.4687,-84.4643,2
33.7114,33.7077,-84.4643,-84.46,2
33.7114,33.7077,-84.4513,-84.4469,2
33.7077,33.7041,-84.5121,-84.5078,2
33.7077,33.7041,-84.473,-84.4687,2
33.7077,33.7041,-84.3774,-84.3731,2
33.7077,33.7041,-84.3514,-84.347,2
33.7077,33.7041,-84.334,-84.3296,2
33.7041,33.7005,-84.4991,-84.4947,2
33.7005,33.6969,-84.4556,-84.4513,2
33.7005,33.6969,-84.334,-84.3296,2
33.6969,33.6933,-84.5165,-84.5121,2
33.6969,33.6933,-84.5034,-84.4991,2
33.6969,33.6933,-84.4774,-84.473,2
33.6969,33.6933,-84.4687,-84.4643,2
33.6969,33.6933,-84.4556,-84.4513,2
33.6969,33.6933,-84.3818,-84.3774,2
33.6933,33.6896,-84.4947,-84.4904,2
33.6933,33.6896,-84.3688,-84.3644,2
33.6896,33.686,-84.4687,-84.4643,2
33.6896,33.686,-84.347,-84.3427,2
33.686,33.6824,-84.5165,-84.5121,2
33.6824,33.6788,-84.5208,-84.5165,2
33.6824,33.6788,-84.3601,-84.3558,2
33.6788,33.6751,-84.3818,-84.3775,2
33.6751,33.6715,-84.5034,-84.4991,2
33.6751,33.6715,-84.4817,-84.4774,2
33.6715,33.6679,-84.3514,-84.3471,2
33.6679,33.6643,-84.4643,-84.46,2
33.6643,33.6606,-84.4643,-84.46,2
33.6643,33.6606,-84.3471,-84.3428,2
33.6534,33.6498,-84.3428,-84.3384,2
33.6498,33.6462,-84.5078,-84.5034,2
33.6498,33.6462,-84.4861,-84.4817,2
33.6498,33.6462,-84.3645,-84.3602,2
33.6498,33.6462,-84.3515,-84.3471,2
33.6462,33.6425,-84.3992,-84.3949,2
33.6462,33.6425,-84.3471,-84.3428,2
33.6425,33.6389,-84.4123,-84.4079,2
33.6425,33.6389,-84.3558,-84.3515,2
33.6425,33.6389,-84.3385,-84.3341,2
33.6425,33.6389,-84.3298,-84.3254,2
33.6389,33.6353,-84.3775,-84.3732,2
33.6353,33.6317,-84.3385,-84.3341,2
33.6317,33.628,-84.4079,-84.4036,2
33.6317,33.628,-84.4036,-84.3993,2
33.628,33.6244,-84.4296,-84.4253,2
33.6244,33.6208,-84.408,-84.4036,2
33.8672,33.8635,-84.3771,-84.3728,3
33.8635,33.8599,-84.4207,-84.4163,3
33.8635,33.8599,-84.3859,-84.3815,3
33.8635,33.8599,-84.338,-84.3336,3
33.8599,33.8563,-84.3902,-84.3859,3
33.8599,33.8563,-84.3467,-84.3423,3
33.8563,33.8527,-84.412,-84.4076,3
33.8563,33.8527,-84.4076,-84.4033,3
33.8563,33.8527,-84.4033,-84.3989,3
33.8527,33.8491,-84.3772,-84.3728,3
33.8527,33.8491,-84.3511,-84.3467,3
33.8527,33.8491,-84.338,-84.3336,3
33.8491,33.8454,-84.4294,-84.425,3
33.8491,33.8454,-84.412,-84.4076,3
33.8491,33.8454,-84.3815,-84.3772,3
33.8491,33.8454,-84.3467,-84.3424,3
33.8491,33.8454,-84.3424,-84.338,3
33.8454,33.8418,-84.3554,-84.3511,3
33.8454,33.8418,-84.3424,-84.338,3
33.8418,33.8382,-84.4207,-84.4163,3
33.8418,33.8382,-84.3989,-84.3946,3
33.8418,33.8382,-84.3859,-84.3815,3
33.8418,33.8382,-84.3641,-84.3598,3
33.8346,33.8309,-84.3902,-84.3859,3
33.8346,33.8309,-84.3815,-84.3772,3
33.8309,33.8273,-84.3729,-84.3685,3
33.8309,33.8273,-84.3293,-84.325,3
33.8273,33.8237,-84.399,-84.3946,3
33.8273,33.8237,-84.3424,-84.3381,3
33.8273,33.8237,-84.3381,-84.3337,3
33.8237,33.8201,-84.4164,-84.412,3
33.8237,33.8201,-84.3946,-84.3903,3
33.8237,33.8201,-84.3816,-84.3772,3
33.8237,33.8201,-84.3424,-84.3381,3
33.8201,33.8164,-84.4077,-84.4033,3
33.8164,33.8128,-84.4207,-84.4164,3
33.8164,33.8128,-84.4033,-84.399,3
33.8164,33.8128,-84.3946,-84.3903,3
33.8164,33.8128,-84.3903,-84.3859,3
33.8164,33.8128,-84.3511,-84.3468,3
33.8128,33.8092,-84.412,-84.4077,3
33.8128,33.8092,-84.3946,-84.3903,3
33.8128,33.8092,-84.3859,-84.3816,3
33.8128,33.8092,-84.3729,-84.3685,3
33.8092,33.8056,-84.4207,-84.4164,3
33.8092,33.8056,-84.4077,-84.4033,3
33.8092,33.8056,-84.3729,-84.3685,3
33.8092,33.8056,-84.3337,-84.3294,3
33.8056,33.802,-84.3816,-84.3772,3
33.8056,33.802,-84.3599,-84.3555,3
33.802,33.7983,-84.4207,-84.4164,3
33.802,33.7983,-84.399,-84.3947,3
33.802,33.7983,-84.3773,-84.3729,3
33.7983,33.7947,-84.4642,-84.4599,3
33.7983,33.7947,-84.3642,-84.3599,3
33.7983,33.7947,-84.3555,-84.3512,3
33.7947,33.7911,-84.4295,-84.4251,3
33.7947,33.7911,-84.4251,-84.4208,3
33.7947,33.7911,-84.3555,-84.3512,3
33.7947,33.7911,-84.3294,-84.3251,3
33.7911,33.7875,-84.4599,-84.4556,3
33.7911,33.7875,-84.4556,-84.4512,3
33.7911,33.7875,-84.3425,-84.3381,3
33.7911,33.7875,-84.3294,-84.3251,3
33.7911,33.7875,-84.3207,-84.3164,3
33.7875,33.7838,-84.4164,-84.4121,3
33.7875,33.7838,-84.3251,-84.3207,3
33.7838,33.7802,-84.4469,-84.4425,3
33.7838,33.7802,-84.4208,-84.4164,3
33.7802,33.7766,-84.4164,-84.4121,3
33.7766,33.773,-84.4773,-84.473,3
33.7766,33.773,-84.4121,-84.4077,3
33.773,33.7693,-84.4425,-84.4382,3
33.7693,33.7657,-84.4773,-84.473,3
33.7657,33.7621,-84.4904,-84.486,3
33.7657,33.7621,-84.4034,-84.3991,3
33.7657,33.7621,-84.3208,-84.3165,3
33.7621,33.7585,-84.4121,-84.4078,3
33.7621,33.7585,-84.4078,-84.4034,3
33.7549,33.7512,-84.473,-84.4686,3
33.7512,33.7476,-84.4991,-84.4947,3
33.7512,33.7476,-84.4947,-84.4904,3
33.7512,33.7476,-84.2904,-84.2861,3
33.7367,33.7331,-84.4599,-84.4556,3
33.7331,33.7295,-84.5034,-84.4991,3
33.7331,33.7295,-84.4513,-84.4469,3
33.7331,33.7295,-84.4339,-84.4295,3
33.7331,33.7295,-84.3904,-84.3861,3
33.7295,33.7259,-84.4686,-84.4643,3
33.7259,33.7222,-84.4947,-84.4904,3
33.7222,33.7186,-84.46,-84.4556,3
33.7186,33.715,-84.4643,-84.46,3
33.7186,33.715,-84.4252,-84.4209,3
33.715,33.7114,-84.5121,-84.5078,3
33.715,33.7114,-84.46,-84.4556,3
33.7114,33.7077,-84.4773,-84.473,3
33.7114,33.7077,-84.46,-84.4556,3
33.7114,33.7077,-84.3253,-84.3209,3
33.7077,33.7041,-84.4556,-84.4513,3
33.7041,33.7005,-84.4817,-84.4774,3
33.6969,33.6933,-84.4947,-84.4904,3
33.6933,33.6896,-84.5078,-84.5034,3
33.6933,33.6896,-84.4513,-84.4469,3
33.6933,33.6896,-84.4469,-84.4426,3
33.6896,33.686,-84.5121,-84.5078,3
33.686,33.6824,-84.5208,-84.5165,3
33.686,33.6824,-84.5034,-84.4991,3
33.686,33.6824,-84.4383,-84.4339,3
33.6824,33.6788,-84.5034,-84.4991,3
33.6824,33.6788,-84.4556,-84.4513,3
33.6824,33.6788,-84.3818,-84.3775,3
33.6824,33.6788,-84.3427,-84.3384,3
33.6788,33.6751,-84.5208,-84.5165,3
33.6788,33.6751,-84.473,-84.4687,3
33.6751,33.6715,-84.3818,-84.3775,3
33.6679,33.6643,-84.5034,-84.4991,3
33.6643,33.6606,-84.4991,-84.4947,3
33.6643,33.6606,-84.3905,-84.3862,3
33.657,33.6534,-84.3428,-84.3384,3
33.6534,33.6498,-84.4861,-84.4817,3
33.6534,33.6498,-84.473,-84.4687,3
33.6462,33.6425,-84.4991,-84.4948,3
33.6425,33.6389,-84.3515,-84.3471,3
33.6389,33.6353,-84.3689,-84.3645,3
33.6389,33.6353,-84.3558,-84.3515,3
33.6317,33.628,-84.421,-84.4166,3
33.6317,33.628,-84.4123,-84.4079,3
33.6244,33.6208,-84.421,-84.4166,3
33.8672,33.8635,-84.3597,-84.3554,4
33.8635,33.8599,-84.3902,-84.3859,4
33.8635,33.8599,-84.3554,-84.351,4
33.8599,33.8563,-84.4033,-84.3989,4
33.8599,33.8563,-84.3946,-84.3902,4
33.8599,33.8563,-84.3772,-84.3728,4
33.8599,33.8563,-84.3336,-84.3293,4
33.8599,33.8563,-84.3293,-84.3249,4
33.8527,33.8491,-84.4163,-84.412,4
33.8527,33.8491,-84.3423,-84.338,4
33.8527,33.8491,-84.3336,-84.3293,4
33.8491,33.8454,-84.3511,-84.3467,4
33.8454,33.8418,-84.412,-84.4076,4
33.8454,33.8418,-84.3815,-84.3772,4
33.8454,33.8418,-84.3685,-84.3641,4
33.8454,33.8418,-84.3641,-84.3598,4
33.8418,33.8382,-84.4163,-84.412,4
33.8418,33.8382,-84.4076,-84.4033,4
33.8418,33.8382,-84.3511,-84.3467,4
33.8382,33.8346,-84.4033,-84.3989,4
33.8382,33.8346,-84.3946,-84.3902,4
33.8382,33.8346,-84.3511,-84.3467,4
33.8309,33.8273,-84.3816,-84.3772,4
33.8309,33.8273,-84.3772,-84.3729,4
33.8309,33.8273,-84.3337,-84.3293,4
33.8273,33.8237,-84.3859,-84.3816,4
33.8273,33.8237,-84.3816,-84.3772,4
33.8273,33.8237,-84.3337,-84.3294,4
33.8273,33.8237,-84.3294,-84.325,4
33.8237,33.8201,-84.3903,-84.3859,4
33.8237,33.8201,-84.3381,-84.3337,4
33.8201,33.8164,-84.4164,-84.412,4
33.8128,33.8092,-84.4294,-84.4251,4
33.8128,33.8092,-84.4251,-84.4207,4
33.8128,33.8092,-84.4077,-84.4033,4
33.8128,33.8092,-84.3816,-84.3772,4
33.8092,33.8056,-84.399,-84.3946,4
33.8092,33.8056,-84.3772,-84.3729,4
33.8092,33.8056,-84.3381,-84.3337,4
33.8056,33.802,-84.4033,-84.399,4
33.8056,33.802,-84.399,-84.3946,4
33.8056,33.802,-84.3381,-84.3338,4
33.802,33.7983,-84.4164,-84.412,4
33.802,33.7983,-84.3381,-84.3338,4
33.7947,33.7911,-84.399,-84.3947,4
33.7911,33.7875,-84.4729,-84.4686,4
33.7875,33.7838,-84.473,-84.4686,4
33.7875,33.7838,-84.4382,-84.4338,4
33.7875,33.7838,-84.4208,-84.4164,4
33.7875,33.7838,-84.3599,-84.3555,4
33.7838,33.7802,-84.4773,-84.473,4
33.7838,33.7802,-84.3382,-84.3338,4
33.7802,33.7766,-84.4686,-84.4643,4
33.7802,33.7766,-84.3425,-84.3382,4
33.7766,33.773,-84.3295,-84.3251,4
33.773,33.7693,-84.4643,-84.4599,4
33.773,33.7693,-84.3382,-84.3338,4
33.7657,33.7621,-84.4643,-84.4599,4
33.7657,33.7621,-84.4078,-84.4034,4
33.7657,33.7621,-84.3165,-84.3121,4
33.7621,33.7585,-84.3773,-84.373,4
33.7621,33.7585,-84.3078,-84.3034,4
33.7585,33.7549,-84.3165,-84.3121,4
33.7549,33.7512,-84.4686,-84.4643,4
33.7549,33.7512,-84.4425,-84.4382,4
33.7549,33.7512,-84.3034,-84.2991,4
33.7549,33.7512,-84.2991,-84.2947,4
33.7476,33.744,-84.4686,-84.4643,4
33.7476,33.744,-84.4643,-84.4599,4
33.7476,33.744,-84.4599,-84.4556,4
33.7367,33.7331,-84.4947,-84.4904,4
33.7331,33.7295,-84.5078,-84.5034,4
33.7331,33.7295,-84.4469,-84.4426,4
33.7331,33.7295,-84.3383,-84.3339,4
33.7295,33.7259,-84.473,-84.4686,4
33.7295,33.7259,-84.3687,-84.3643,4
33.7259,33.7222,-84.473,-84.4686,4
33.7259,33.7222,-84.46,-84.4556,4
33.7222,33.7186,-84.5121,-84.5078,4
33.7222,33.7186,-84.4643,-84.46,4
33.7222,33.7186,-84.4556,-84.4513,4
33.7222,33.7186,-84.4426,-84.4382,4
33.7186,33.715,-84.4339,-84.4295,4
33.715,33.7114,-84.4643,-84.46,4
33.715,33.7114,-84.4513,-84.4469,4
33.7114,33.7077,-84.3122,-84.3079,4
33.7114,33.7077,-84.3079,-84.3036,4
33.7077,33.7041,-84.4773,-84.473,4
33.7077,33.7041,-84.4513,-84.4469,4
33.7005,33.6969,-84.4469,-84.4426,4
33.7005,33.6969,-84.3818,-84.3774,4
33.6969,33.6933,-84.5121,-84.5078,4
33.6969,33.6933,-84.5078,-84.5034,4
33.6969,33.6933,-84.4991,-84.4947,4
33.6969,33.6933,-84.4904,-84.486,4
33.6969,33.6933,-84.4426,-84.4383,4
33.6933,33.6896,-84.4687,-84.4643,4
33.6896,33.686,-84.5078,-84.5034,4
33.686,33.6824,-84.4947,-84.4904,4
33.686,33.6824,-84.4513,-84.447,4
33.686,33.6824,-84.4339,-84.4296,4
33.6824,33.6788,-84.5078,-84.5034,4
33.6824,33.6788,-84.486,-84.4817,4
33.6788,33.6751,-84.5078,-84.5034,4
33.6751,33.6715,-84.3731,-84.3688,4
33.6751,33.6715,-84.3514,-84.3471,4
33.6715,33.6679,-84.4947,-84.4904,4
33.6715,33.6679,-84.4643,-84.46,4
33.6679,33.6643,-84.4947,-84.4904,4
33.6679,33.6643,-84.3428,-84.3384,4
33.6643,33.6606,-84.3514,-84.3471,4
33.6606,33.657,-84.3384,-84.3341,4
33.6534,33.6498,-84.4687,-84.4644,4
33.6462,33.6425,-84.3645,-84.3602,4
33.6462,33.6425,-84.3558,-84.3515,4
33.6462,33.6425,-84.3385,-84.3341,4
33.6425,33.6389,-84.4036,-84.3992,4
33.6425,33.6389,-84.3645,-84.3602,4
33.6425,33.6389,-84.3602,-84.3558,4
33.6389,33.6353,-84.3602,-84.3558,4
33.6244,33.6208,-84.4166,-84.4123,4
33.8635,33.8599,-84.3771,-84.3728,5
33.8563,33.8527,-84.3859,-84.3815,5
33.8563,33.8527,-84.338,-84.3336,5
33.8491,33.8454,-84.338,-84.3337,5
33.8382,33.8346,-84.3641,-84.3598,5
33.8346,33.8309,-84.4033,-84.399,5
33.8346,33.8309,-84.3293,-84.325,5
33.8273,33.8237,-84.4033,-84.399,5
33.8237,33.8201,-84.399,-84.3946,5
33.8237,33.8201,-84.3859,-84.3816,5
33.8201,33.8164,-84.3903,-84.3859,5
33.8164,33.8128,-84.3816,-84.3772,5
33.8128,33.8092,-84.4164,-84.412,5
33.8128,33.8092,-84.3598,-84.3555,5
33.8128,33.8092,-84.3511,-84.3468,5
33.8092,33.8056,-84.412,-84.4077,5
33.8056,33.802,-84.4512,-84.4468,5
33.8056,33.802,-84.4338,-84.4294,5
33.8056,33.802,-84.4207,-84.4164,5
33.8056,33.802,-84.3946,-84.3903,5
33.8056,33.802,-84.3859,-84.3816,5
33.8056,33.802,-84.3642,-84.3599,5
33.802,33.7983,-84.3947,-84.3903,5
33.802,33.7983,-84.3642,-84.3599,5
33.7983,33.7947,-84.3294,-84.3251,5
33.7947,33.7911,-84.4599,-84.4555,5
33.7947,33.7911,-84.3599,-84.3555,5
33.7911,33.7875,-84.4251,-84.4208,5
33.7875,33.7838,-84.3816,-84.3773,5
33.7875,33.7838,-84.3642,-84.3599,5
33.7875,33.7838,-84.3338,-84.3294,5
33.7838,33.7802,-84.3425,-84.3382,5
33.7802,33.7766,-84.4773,-84.473,5
33.7802,33.7766,-84.4556,-84.4512,5
33.7802,33.7766,-84.4208,-84.4164,5
33.7766,33.773,-84.3425,-84.3382,5
33.773,33.7693,-84.4556,-84.4512,5
33.773,33.7693,-84.4077,-84.4034,5
33.773,33.7693,-84.3512,-84.3469,5
33.7693,33.7657,-84.4817,-84.4773,5
33.7657,33.7621,-84.4164,-84.4121,5
33.7657,33.7621,-84.3121,-84.3078,5
33.7549,33.7512,-84.3339,-84.3295,5
33.7476,33.744,-84.4904,-84.486,5
33.744,33.7404,-84.3035,-84.2991,5
33.7404,33.7367,-84.4904,-84.486,5
33.7367,33.7331,-84.5078,-84.5034,5
33.7367,33.7331,-84.4513,-84.4469,5
33.7331,33.7295,-84.4947,-84.4904,5
33.7331,33.7295,-84.4643,-84.4599,5
33.7331,33.7295,-84.2818,-84.2774,5
33.7331,33.7295,-84.2774,-84.2731,5
33.7295,33.7259,-84.2992,-84.2948,5
33.7259,33.7222,-84.2688,-84.2644,5
33.7222,33.7186,-84.486,-84.4817,5
33.7186,33.715,-84.5121,-84.5078,5
33.7186,33.715,-84.4556,-84.4513,5
33.7186,33.715,-84.3253,-84.3209,5
33.715,33.7114,-84.5208,-84.5164,5
33.715,33.7114,-84.4295,-84.4252,5
33.7114,33.7077,-84.486,-84.4817,5
33.7077,33.7041,-84.4687,-84.4643,5
33.7041,33.7005,-84.486,-84.4817,5
33.7041,33.7005,-84.4556,-84.4513,5
33.7041,33.7005,-84.4513,-84.4469,5
33.6969,33.6933,-84.4469,-84.4426,5
33.6933,33.6896,-84.4991,-84.4947,5
33.6933,33.6896,-84.486,-84.4817,5
33.6933,33.6896,-84.4556,-84.4513,5
33.6933,33.6896,-84.4252,-84.4209,5
33.6896,33.686,-84.4991,-84.4947,5
33.6896,33.686,-84.447,-84.4426,5
33.686,33.6824,-84.5078,-84.5034,5
33.686,33.6824,-84.4991,-84.4947,5
33.686,33.6824,-84.4426,-84.4383,5
33.6824,33.6788,-84.5165,-84.5121,5
33.6824,33.6788,-84.3384,-84.334,5
33.6751,33.6715,-84.4947,-84.4904,5
33.6751,33.6715,-84.3297,-84.3254,5
33.6715,33.6679,-84.5121,-84.5078,5
33.6715,33.6679,-84.3384,-84.3341,5
33.6715,33.6679,-84.3297,-84.3254,5
33.6643,33.6606,-84.4947,-84.4904,5
33.6643,33.6606,-84.4817,-84.4774,5
33.6643,33.6606,-84.4774,-84.473,5
33.6606,33.657,-84.4817,-84.4774,5
33.6606,33.657,-84.3601,-84.3558,5
33.657,33.6534,-84.4774,-84.473,5
33.657,33.6534,-84.3558,-84.3515,5
33.6534,33.6498,-84.3515,-84.3471,5
33.6462,33.6425,-84.3602,-84.3558,5
33.6389,33.6353,-84.3385,-84.3341,5
33.8635,33.8599,-84.4163,-84.412,6
33.8635,33.8599,-84.3728,-84.3684,6
33.8599,33.8563,-84.338,-84.3336,6
33.8527,33.8491,-84.4294,-84.425,6
33.8527,33.8491,-84.425,-84.4207,6
33.8491,33.8454,-84.3641,-84.3598,6
33.8454,33.8418,-84.4076,-84.4033,6
33.8454,33.8418,-84.3511,-84.3467,6
33.8382,33.8346,-84.3989,-84.3946,6
33.8309,33.8273,-84.3424,-84.338,6
33.8237,33.8201,-84.4033,-84.399,6
33.8201,33.8164,-84.3555,-84.3511,6
33.8201,33.8164,-84.3511,-84.3468,6
33.8201,33.8164,-84.3381,-84.3337,6
33.8164,33.8128,-84.3294,-84.325,6
33.8128,33.8092,-84.3642,-84.3598,6
33.8092,33.8056,-84.4512,-84.4468,6
33.8092,33.8056,-84.4164,-84.412,6
33.8092,33.8056,-84.3859,-84.3816,6
33.8056,33.802,-84.4468,-84.4425,6
33.8056,33.802,-84.412,-84.4077,6
33.8056,33.802,-84.3772,-84.3729,6
33.8056,33.802,-84.3338,-84.3294,6
33.802,33.7983,-84.4251,-84.4207,6
33.802,33.7983,-84.3816,-84.3773,6
33.7983,33.7947,-84.4295,-84.4251,6
33.7911,33.7875,-84.3338,-84.3294,6
33.7875,33.7838,-84.3381,-84.3338,6
33.7875,33.7838,-84.3207,-84.3164,6
33.7838,33.7802,-84.473,-84.4686,6
33.7838,33.7802,-84.4643,-84.4599,6
33.7802,33.7766,-84.3903,-84.386,6
33.7802,33.7766,-84.3599,-84.3556,6
33.773,33.7693,-84.473,-84.4686,6
33.773,33.7693,-84.4469,-84.4425,6
33.773,33.7693,-84.4121,-84.4077,6
33.7693,33.7657,-84.4599,-84.4556,6
33.7693,33.7657,-84.4556,-84.4512,6
33.7693,33.7657,-84.4512,-84.4469,6
33.7657,33.7621,-84.473,-84.4686,6
33.7621,33.7585,-84.4034,-84.3991,6
33.7621,33.7585,-84.3991,-84.3947,6
33.7621,33.7585,-84.3208,-84.3165,6
33.7512,33.7476,-84.4599,-84.4556,6
33.7476,33.744,-84.2904,-84.2861,6
33.744,33.7404,-84.3774,-84.373,6
33.7404,33.7367,-84.2861,-84.2817,6
33.7367,33.7331,-84.2818,-84.2774,6
33.7331,33.7295,-84.4599,-84.4556,6
33.7331,33.7295,-84.4382,-84.4339,6
33.7295,33.7259,-84.4643,-84.46,6
33.7259,33.7222,-84.4773,-84.473,6
33.7259,33.7222,-84.4643,-84.46,6
33.7259,33.7222,-84.2774,-84.2731,6
33.7222,33.7186,-84.4469,-84.4426,6
33.7186,33.715,-84.4382,-84.4339,6
33.715,33.7114,-84.4687,-84.4643,6
33.7114,33.7077,-84.5078,-84.5034,6
33.7114,33.7077,-84.473,-84.4687,6
33.7114,33.7077,-84.3557,-84.3513,6
33.7114,33.7077,-84.3036,-84.2992,6
33.7041,33.7005,-84.334,-84.3296,6
33.7005,33.6969,-84.486,-84.4817,6
33.7005,33.6969,-84.4513,-84.4469,6
33.7005,33.6969,-84.4122,-84.4078,6
33.7005,33.6969,-84.3861,-84.3818,6
33.7005,33.6969,-84.3557,-84.3514,6
33.7005,33.6969,-84.3514,-84.347,6
33.6969,33.6933,-84.4643,-84.46,6
33.6969,33.6933,-84.4383,-84.4339,6
33.6933,33.6896,-84.473,-84.4687,6
33.6933,33.6896,-84.3861,-84.3818,6
33.6896,33.686,-84.5034,-84.4991,6
33.6896,33.686,-84.4383,-84.4339,6
33.686,33.6824,-84.3471,-84.3427,6
33.686,33.6824,-84.334,-84.3297,6
33.6824,33.6788,-84.3948,-84.3905,6
33.6751,33.6715,-84.5208,-84.5165,6
33.6715,33.6679,-84.3645,-84.3601,6
33.6715,33.6679,-84.3341,-84.3297,6
33.6606,33.657,-84.4774,-84.473,6
33.657,33.6534,-84.3601,-84.3558,6
33.657,33.6534,-84.3471,-84.3428,6
33.6498,33.6462,-84.4991,-84.4947,6
33.6498,33.6462,-84.3688,-84.3645,6
33.6462,33.6425,-84.3515,-84.3471,6
33.6425,33.6389,-84.3689,-84.3645,6
33.6389,33.6353,-84.3645,-84.3602,6
33.6353,33.6317,-84.3341,-84.3298,6
33.8563,33.8527,-84.3597,-84.3554,7
33.8563,33.8527,-84.3554,-84.351,7
33.8454,33.8418,-84.3293,-84.325,7
33.8418,33.8382,-84.3554,-84.3511,7
33.8309,33.8273,-84.4077,-84.4033,7
33.8201,33.8164,-84.399,-84.3946,7
33.8201,33.8164,-84.3859,-84.3816,7
33.8164,33.8128,-84.3598,-84.3555,7
33.8164,33.8128,-84.3381,-84.3337,7
33.8056,33.802,-84.3251,-84.3207,7
33.802,33.7983,-84.4425,-84.4381,7
33.802,33.7983,-84.4338,-84.4294,7
33.802,33.7983,-84.412,-84.4077,7
33.802,33.7983,-84.3251,-84.3207,7
33.7947,33.7911,-84.4164,-84.4121,7
33.7947,33.7911,-84.4034,-84.399,7
33.7947,33.7911,-84.386,-84.3816,7
33.7911,33.7875,-84.4382,-84.4338,7
33.7911,33.7875,-84.3381,-84.3338,7
33.7875,33.7838,-84.3425,-84.3381,7
33.7838,33.7802,-84.4686,-84.4643,7
33.7838,33.7802,-84.4121,-84.4077,7
33.7802,33.7766,-84.3338,-84.3295,7
33.7766,33.773,-84.4425,-84.4382,7
33.7766,33.773,-84.3947,-84.3903,7
33.7766,33.773,-84.3382,-84.3338,7
33.773,33.7693,-84.3425,-84.3382,7
33.7693,33.7657,-84.4034,-84.3991,7
33.7621,33.7585,-84.3121,-84.3078,7
33.7585,33.7549,-84.4904,-84.486,7
33.744,33.7404,-84.486,-84.4817,7
33.744,33.7404,-84.3122,-84.3078,7
33.744,33.7404,-84.3078,-84.3035,7
33.744,33.7404,-84.2904,-84.2861,7
33.7404,33.7367,-84.5078,-84.5034,7
33.7331,33.7295,-84.4556,-84.4513,7
33.7331,33.7295,-84.4426,-84.4382,7
33.7331,33.7295,-84.4208,-84.4165,7
33.7331,33.7295,-84.3165,-84.3122,7
33.7295,33.7259,-84.4991,-84.4947,7
33.7295,33.7259,-84.46,-84.4556,7
33.7222,33.7186,-84.4339,-84.4295,7
33.7186,33.715,-84.4426,-84.4382,7
33.715,33.7114,-84.4773,-84.473,7
33.715,33.7114,-84.473,-84.4687,7
33.715,33.7114,-84.4426,-84.4382,7
33.715,33.7114,-84.4382,-84.4339,7
33.715,33.7114,-84.3731,-84.3687,7
33.715,33.7114,-84.3122,-84.3079,7
33.7114,33.7077,-84.5034,-84.4991,7
33.7114,33.7077,-84.4556,-84.4513,7
33.7114,33.7077,-84.4469,-84.4426,7
33.7114,33.7077,-84.3513,-84.347,7
33.7114,33.7077,-84.3427,-84.3383,7
33.7077,33.7041,-84.3427,-84.3383,7
33.7041,33.7005,-84.4426,-84.4383,7
33.7005,33.6969,-84.3427,-84.3383,7
33.6933,33.6896,-84.5208,-84.5165,7
33.6933,33.6896,-84.3818,-84.3774,7
33.6896,33.686,-84.5251,-84.5208,7
33.6896,33.686,-84.5208,-84.5165,7
33.6896,33.686,-84.486,-84.4817,7
33.686,33.6824,-84.4296,-84.4252,7
33.6824,33.6788,-84.4904,-84.486,7
33.6788,33.6751,-84.3688,-84.3644,7
33.6751,33.6715,-84.5078,-84.5034,7
33.6751,33.6715,-84.4861,-84.4817,7
33.6751,33.6715,-84.3558,-84.3514,7
33.6715,33.6679,-84.4904,-84.4861,7
33.6715,33.6679,-84.3471,-84.3427,7
33.6679,33.6643,-84.5121,-84.5078,7
33.6679,33.6643,-84.4904,-84.4861,7
33.6643,33.6606,-84.3558,-84.3514,7
33.657,33.6534,-84.3341,-84.3297,7
33.6534,33.6498,-84.4991,-84.4947,7
33.6534,33.6498,-84.3732,-84.3688,7
33.6534,33.6498,-84.3645,-84.3602,7
33.6534,33.6498,-84.3471,-84.3428,7
33.6389,33.6353,-84.3732,-84.3689,7
33.628,33.6244,-84.4036,-84.3993,7
33.8527,33.8491,-84.3554,-84.3511,8
33.8454,33.8418,-84.3337,-84.3293,8
33.8346,33.8309,-84.412,-84.4077,8
33.8309,33.8273,-84.3903,-84.3859,8
33.8309,33.8273,-84.3642,-84.3598,8
33.8092,33.8056,-84.3903,-84.3859,8
33.8056,33.802,-84.4251,-84.4207,8
33.8056,33.802,-84.3555,-84.3512,8
33.7983,33.7947,-84.4425,-84.4382,8
33.7983,33.7947,-84.3816,-84.3773,8
33.7947,33.7911,-84.3947,-84.3903,8
33.7947,33.7911,-84.3816,-84.3773,8
33.7875,33.7838,-84.3773,-84.3729,8
33.7802,33.7766,-84.3556,-84.3512,8
33.7766,33.773,-84.4382,-84.4338,8
33.773,33.7693,-84.4034,-84.399,8
33.7693,33.7657,-84.4469,-84.4425,8
33.7657,33.7621,-84.4208,-84.4164,8
33.7657,33.7621,-84.3947,-84.3904,8
33.7585,33.7549,-84.4686,-84.4643,8
33.7585,33.7549,-84.3252,-84.3208,8
33.7549,33.7512,-84.4643,-84.4599,8
33.7549,33.7512,-84.3817,-84.3773,8
33.7549,33.7512,-84.3773,-84.373,8
33.7512,33.7476,-84.4643,-84.4599,8
33.7512,33.7476,-84.4512,-84.4469,8
33.7512,33.7476,-84.3078,-84.3034,8
33.7476,33.744,-84.4556,-84.4512,8
33.7404,33.7367,-84.2948,-84.2904,8
33.7404,33.7367,-84.2817,-84.2774,8
33.7367,33.7331,-84.486,-84.4817,8
33.7367,33.7331,-84.4469,-84.4426,8
33.7331,33.7295,-84.3687,-84.3643,8
33.7331,33.7295,-84.2861,-84.2818,8
33.7295,33.7259,-84.4947,-84.4904,8
33.7295,33.7259,-84.3079,-84.3035,8
33.7259,33.7222,-84.3079,-84.3035,8
33.7222,33.7186,-84.4382,-84.4339,8
33.7222,33.7186,-84.3079,-84.3035,8
33.715,33.7114,-84.3513,-84.347,8
33.715,33.7114,-84.334,-84.3296,8
33.715,33.7114,-84.3079,-84.3035,8
33.7114,33.7077,-84.347,-84.3427,8
33.7041,33.7005,-84.4035,-84.3992,8
33.7041,33.7005,-84.3427,-84.3383,8
33.6969,33.6933,-84.3644,-84.3601,8
33.6896,33.686,-84.4947,-84.4904,8
33.686,33.6824,-84.4687,-84.4643,8
33.686,33.6824,-84.4556,-84.4513,8
33.6824,33.6788,-84.3558,-84.3514,8
33.6788,33.6751,-84.3775,-84.3731,8
33.6788,33.6751,-84.3427,-84.3384,8
33.6715,33.6679,-84.3601,-84.3558,8
33.6679,33.6643,-84.5165,-84.5121,8
33.6679,33.6643,-84.3905,-84.3862,8
33.6643,33.6606,-84.3645,-84.3601,8
33.6606,33.657,-84.3862,-84.3818,8
33.6606,33.657,-84.3341,-84.3297,8
33.657,33.6534,-84.3645,-84.3601,8
33.6317,33.628,-84.4166,-84.4123,8
33.8092,33.8056,-84.4381,-84.4338,9
33.8092,33.8056,-84.3555,-84.3511,9
33.802,33.7983,-84.4294,-84.4251,9
33.802,33.7983,-84.3425,-84.3381,9
33.7983,33.7947,-84.3599,-84.3555,9
33.7911,33.7875,-84.4512,-84.4469,9
33.7875,33.7838,-84.4599,-84.4556,9
33.7875,33.7838,-84.4512,-84.4469,9
33.7838,33.7802,-84.3251,-84.3208,9
33.7802,33.7766,-84.4599,-84.4556,9
33.773,33.7693,-84.4208,-84.4164,9
33.773,33.7693,-84.399,-84.3947,9
33.7693,33.7657,-84.3382,-84.3338,9
33.7621,33.7585,-84.4773,-84.473,9
33.7621,33.7585,-84.3252,-84.3208,9
33.7585,33.7549,-84.4947,-84.4904,9
33.7585,33.7549,-84.4643,-84.4599,9
33.7585,33.7549,-84.3773,-84.373,9
33.7512,33.7476,-84.473,-84.4686,9
33.7476,33.744,-84.4512,-84.4469,9
33.744,33.7404,-84.4991,-84.4947,9
33.744,33.7404,-84.4208,-84.4165,9
33.7367,33.7331,-84.4817,-84.4773,9
33.7367,33.7331,-84.36,-84.3556,9
33.7367,33.7331,-84.2861,-84.2818,9
33.7295,33.7259,-84.3122,-84.3079,9
33.7295,33.7259,-84.2731,-84.2687,9
33.7259,33.7222,-84.486,-84.4817,9
33.7186,33.715,-84.473,-84.4687,9
33.7186,33.715,-84.334,-84.3296,9
33.7186,33.715,-84.3079,-84.3035,9
33.7114,33.7077,-84.3644,-84.36,9
33.7077,33.7041,-84.4991,-84.4947,9
33.7077,33.7041,-84.4643,-84.46,9
33.7077,33.7041,-84.4469,-84.4426,9
33.7077,33.7041,-84.3818,-84.3774,9
33.7077,33.7041,-84.3687,-84.3644,9
33.7041,33.7005,-84.4469,-84.4426,9
33.7041,33.7005,-84.3818,-84.3774,9
33.7005,33.6969,-84.46,-84.4556,9
33.7005,33.6969,-84.347,-84.3427,9
33.6969,33.6933,-84.3861,-84.3818,9
33.6933,33.6896,-84.5165,-84.5121,9
33.6896,33.686,-84.46,-84.4556,9
33.6896,33.686,-84.4513,-84.447,9
33.6896,33.686,-84.3818,-84.3775,9
33.686,33.6824,-84.4035,-84.3992,9
33.6788,33.6751,-84.3948,-84.3905,9
33.6788,33.6751,-84.3731,-84.3688,9
33.6788,33.6751,-84.3558,-84.3514,9
33.6788,33.6751,-84.3471,-84.3427,9
33.6751,33.6715,-84.5121,-84.5078,9
33.6751,33.6715,-84.3949,-84.3905,9
33.6715,33.6679,-84.3775,-84.3731,9
33.6679,33.6643,-84.4687,-84.4643,9
33.6643,33.6606,-84.4687,-84.4643,9
33.6643,33.6606,-84.3688,-84.3645,9
33.6606,33.657,-84.4861,-84.4817,9
33.6606,33.657,-84.3558,-84.3515,9
33.657,33.6534,-84.4861,-84.4817,9
33.657,33.6534,-84.4687,-84.4644,9
33.6498,33.6462,-84.3602,-84.3558,9
33.6462,33.6425,-84.4948,-84.4904,9
33.6425,33.6389,-84.3471,-84.3428,9
33.6389,33.6353,-84.3341,-84.3298,9
33.8346,33.8309,-84.3685,-84.3641,10
33.8201,33.8164,-84.3424,-84.3381,10
33.8164,33.8128,-84.3642,-84.3598,10
33.8164,33.8128,-84.3555,-84.3511,10
33.8092,33.8056,-84.3598,-84.3555,10
33.8056,33.802,-84.4077,-84.4033,10
33.7947,33.7911,-84.4555,-84.4512,10
33.7947,33.7911,-84.3381,-84.3338,10
33.7875,33.7838,-84.4643,-84.4599,10
33.7838,33.7802,-84.4556,-84.4512,10
33.7838,33.7802,-84.4295,-84.4251,10
33.7838,33.7802,-84.4077,-84.4034,10
33.7838,33.7802,-84.3338,-84.3295,10
33.7766,33.773,-84.386,-84.3816,10
33.7766,33.773,-84.3338,-84.3295,10
33.7693,33.7657,-84.4077,-84.4034,10
33.7549,33.7512,-84.4469,-84.4425,10
33.7549,33.7512,-84.4121,-84.4078,10
33.7549,33.7512,-84.4078,-84.4034,10
33.7549,33.7512,-84.3208,-84.3165,10
33.7512,33.7476,-84.4773,-84.473,10
33.744,33.7404,-84.4252,-84.4208,10
33.7404,33.7367,-84.5121,-84.5078,10
33.7404,33.7367,-84.486,-84.4817,10
33.7367,33.7331,-84.3339,-84.3296,10
33.7367,33.7331,-84.2731,-84.2687,10
33.7331,33.7295,-84.4904,-84.486,10
33.7331,33.7295,-84.3774,-84.373,10
33.7331,33.7295,-84.3122,-84.3078,10
33.7295,33.7259,-84.4252,-84.4208,10
33.7259,33.7222,-84.4686,-84.4643,10
33.7259,33.7222,-84.2731,-84.2688,10
33.7222,33.7186,-84.473,-84.4686,10
33.7186,33.715,-84.4773,-84.473,10
33.7077,33.7041,-84.3079,-84.3036,10
33.7041,33.7005,-84.4296,-84.4252,10
33.7041,33.7005,-84.3992,-84.3948,10
33.7041,33.7005,-84.3383,-84.334,10
33.7005,33.6969,-84.4296,-84.4252,10
33.6969,33.6933,-84.486,-84.4817,10
33.6969,33.6933,-84.4817,-84.4774,10
33.6933,33.6896,-84.4817,-84.4774,10
33.6896,33.686,-84.4817,-84.4774,10
33.6715,33.6679,-84.5165,-84.5121,10
33.6715,33.6679,-84.3818,-84.3775,10
33.6679,33.6643,-84.3949,-84.3905,10
33.6643,33.6606,-84.3601,-84.3558,10
33.657,33.6534,-84.4904,-84.4861,10
33.657,33.6534,-84.3384,-84.3341,10
33.8382,33.8346,-84.325,-84.3206,11
33.8128,33.8092,-84.3337,-84.3294,11
33.8056,33.802,-84.4425,-84.4381,11
33.7947,33.7911,-84.4077,-84.4034,11
33.7838,33.7802,-84.3816,-84.3773,11
33.7802,33.7766,-84.399,-84.3947,11
33.7766,33.773,-84.4556,-84.4512,11
33.7766,33.773,-84.4251,-84.4208,11
33.7766,33.773,-84.4077,-84.4034,11
33.7766,33.773,-84.3903,-84.386,11
33.773,33.7693,-84.3295,-84.3251,11
33.7693,33.7657,-84.3773,-84.373,11
33.7657,33.7621,-84.4817,-84.4773,11
33.7621,33.7585,-84.4947,-84.4904,11
33.7621,33.7585,-84.4643,-84.4599,11
33.7621,33.7585,-84.4382,-84.4338,11
33.7585,33.7549,-84.4599,-84.4556,11
33.7585,33.7549,-84.373,-84.3686,11
33.7476,33.744,-84.3035,-84.2991,11
33.744,33.7404,-84.4599,-84.4556,11
33.744,33.7404,-84.4556,-84.4512,11
33.7404,33.7367,-84.4991,-84.4947,11
33.7367,33.7331,-84.4252,-84.4208,11
33.7259,33.7222,-84.3122,-84.3079,11
33.7222,33.7186,-84.4817,-84.4773,11
33.7186,33.715,-84.347,-84.3426,11
33.715,33.7114,-84.3296,-84.3253,11
33.7077,33.7041,-84.4296,-84.4252,11
33.6969,33.6933,-84.46,-84.4556,11
33.6896,33.686,-84.3384,-84.334,11
33.686,33.6824,-84.486,-84.4817,11
33.686,33.6824,-84.3688,-84.3644,11
33.686,33.6824,-84.3297,-84.3253,11
33.6824,33.6788,-84.3688,-84.3644,11
33.6824,33.6788,-84.3644,-84.3601,11
33.6824,33.6788,-84.3471,-84.3427,11
33.6751,33.6715,-84.5165,-84.5121,11
33.6715,33.6679,-84.3905,-84.3862,11
33.6715,33.6679,-84.3688,-84.3645,11
33.8527,33.8491,-84.3598,-84.3554,12
33.8201,33.8164,-84.3468,-84.3424,12
33.7983,33.7947,-84.4599,-84.4555,12
33.7911,33.7875,-84.4034,-84.399,12
33.7911,33.7875,-84.3512,-84.3468,12
33.7838,33.7802,-84.3555,-84.3512,12
33.773,33.7693,-84.4295,-84.4251,12
33.7693,33.7657,-84.4643,-84.4599,12
33.7657,33.7621,-84.4686,-84.4643,12
33.7621,33.7585,-84.4686,-84.4643,12
33.7621,33.7585,-84.4338,-84.4295,12
33.7621,33.7585,-84.4165,-84.4121,12
33.7585,33.7549,-84.4817,-84.4773,12
33.7585,33.7549,-84.473,-84.4686,12
33.7585,33.7549,-84.4382,-84.4338,12
33.7585,33.7549,-84.4034,-84.3991,12
33.7585,33.7549,-84.3121,-84.3078,12
33.7549,33.7512,-84.4512,-84.4469,12
33.7512,33.7476,-84.4252,-84.4208,12
33.7476,33.744,-84.4947,-84.4904,12
33.7476,33.744,-84.4078,-84.4034,12
33.7476,33.744,-84.3122,-84.3078,12
33.7476,33.744,-84.2948,-84.2904,12
33.744,33.7404,-84.4512,-84.4469,12
33.744,33.7404,-84.2991,-84.2948,12
33.7404,33.7367,-84.3122,-84.3078,12
33.7367,33.7331,-84.3078,-84.3035,12
33.7331,33.7295,-84.4686,-84.4643,12
33.7331,33.7295,-84.3426,-84.3383,12
33.7295,33.7259,-84.3557,-84.3513,12
33.7259,33.7222,-84.2861,-84.2818,12
33.7222,33.7186,-84.3557,-84.3513,12
33.7222,33.7186,-84.3253,-84.3209,12
33.7186,33.715,-84.3774,-84.3731,12
33.715,33.7114,-84.3383,-84.334,12
33.7114,33.7077,-84.4209,-84.4165,12
33.7114,33.7077,-84.3687,-84.3644,12
33.7041,33.7005,-84.3774,-84.3731,12
33.6933,33.6896,-84.4774,-84.473,12
33.686,33.6824,-84.4817,-84.4774,12
33.686,33.6824,-84.3818,-84.3775,12
33.6824,33.6788,-84.4817,-84.4774,12
33.6788,33.6751,-84.3384,-84.334,12
33.6751,33.6715,-84.3427,-84.3384,12
33.6715,33.6679,-84.4687,-84.4643,12
33.6679,33.6643,-84.3558,-84.3514,12
33.6643,33.6606,-84.473,-84.4687,12
33.6606,33.657,-84.4904,-84.4861,12
33.6534,33.6498,-84.4904,-84.4861,12
33.6425,33.6389,-84.3428,-84.3385,12
33.8273,33.8237,-84.3642,-84.3598,13
33.7947,33.7911,-84.3773,-84.3729,13
33.7911,33.7875,-84.4469,-84.4425,13
33.7911,33.7875,-84.4121,-84.4077,13
33.7911,33.7875,-84.3468,-84.3425,13
33.7766,33.773,-84.4164,-84.4121,13
33.773,33.7693,-84.4512,-84.4469,13
33.773,33.7693,-84.3469,-84.3425,13
33.773,33.7693,-84.3338,-84.3295,13
33.7693,33.7657,-84.3251,-84.3208,13
33.7657,33.7621,-84.486,-84.4817,13
33.7621,33.7585,-84.4904,-84.486,13
33.7621,33.7585,-84.4817,-84.4773,13
33.7621,33.7585,-84.473,-84.4686,13
33.7621,33.7585,-84.3165,-84.3121,13
33.7585,33.7549,-84.486,-84.4817,13
33.7585,33.7549,-84.4078,-84.4034,13
33.7549,33.7512,-84.3121,-84.3078,13
33.7512,33.7476,-84.4469,-84.4425,13
33.7476,33.744,-84.4295,-84.4252,13
33.744,33.7404,-84.4078,-84.4034,13
33.7404,33.7367,-84.3339,-84.3296,13
33.7404,33.7367,-84.2731,-84.2687,13
33.7367,33.7331,-84.3643,-84.36,13
33.7331,33.7295,-84.4773,-84.473,13
33.7331,33.7295,-84.3252,-84.3209,13
33.7295,33.7259,-84.3165,-84.3122,13
33.7259,33.7222,-84.4339,-84.4295,13
33.7259,33.7222,-84.3339,-84.3296,13
33.7222,33.7186,-84.3339,-84.3296,13
33.7114,33.7077,-84.4296,-84.4252,13
33.7114,33.7077,-84.3948,-84.3905,13
33.7041,33.7005,-84.4383,-84.4339,13
33.6969,33.6933,-84.4035,-84.3992,13
33.6933,33.6896,-84.4904,-84.486,13
33.6896,33.686,-84.4904,-84.486,13
33.6896,33.686,-84.4556,-84.4513,13
33.6896,33.686,-84.3731,-84.3688,13
33.686,33.6824,-84.5121,-84.5078,13
33.686,33.6824,-84.4904,-84.486,13
33.6788,33.6751,-84.5165,-84.5121,13
33.6788,33.6751,-84.5034,-84.4991,13
33.6788,33.6751,-84.3905,-84.3862,13
33.6788,33.6751,-84.3514,-84.3471,13
33.6751,33.6715,-84.3688,-84.3645,13
33.6462,33.6425,-84.3688,-84.3645,13
33.8491,33.8454,-84.3598,-84.3554,14
33.8418,33.8382,-84.3467,-84.3424,14
33.8164,33.8128,-84.3468,-84.3424,14
33.7983,33.7947,-84.386,-84.3816,14
33.7585,33.7549,-84.4773,-84.473,14
33.7549,33.7512,-84.386,-84.3817,14
33.7549,33.7512,-84.3078,-84.3034,14
33.7512,33.7476,-84.4556,-84.4512,14
33.7404,33.7367,-84.4339,-84.4295,14
33.7404,33.7367,-84.2774,-84.2731,14
33.7367,33.7331,-84.2948,-84.2904,14
33.7367,33.7331,-84.2904,-84.2861,14
33.7331,33.7295,-84.3209,-84.3165,14
33.7331,33.7295,-84.2687,-84.2644,14
33.7259,33.7222,-84.3296,-84.3252,14
33.7222,33.7186,-84.3209,-84.3166,14
33.715,33.7114,-84.4165,-84.4122,14
33.7077,33.7041,-84.4209,-84.4165,14
33.7077,33.7041,-84.3557,-84.3514,14
33.6933,33.6896,-84.3774,-84.3731,14
33.686,33.6824,-84.3514,-84.3471,14
33.686,33.6824,-84.3384,-84.334,14
33.6788,33.6751,-84.4774,-84.473,14
33.6751,33.6715,-84.3905,-84.3862,14
33.6643,33.6606,-84.4861,-84.4817,14
33.657,33.6534,-84.4947,-84.4904,14
33.8599,33.8563,-84.3597,-84.3554,15
33.8418,33.8382,-84.3293,-84.325,15
33.7983,33.7947,-84.4468,-84.4425,15
33.7875,33.7838,-84.3555,-84.3512,15
33.7802,33.7766,-84.473,-84.4686,15
33.7693,33.7657,-84.4295,-84.4251,15
33.7657,33.7621,-84.3382,-84.3338,15
33.7549,33.7512,-84.4817,-84.4773,15
33.7476,33.744,-84.4339,-84.4295,15
33.7476,33.744,-84.2991,-84.2948,15
33.744,33.7404,-84.4947,-84.4904,15
33.7404,33.7367,-84.4947,-84.4904,15
33.7404,33.7367,-84.4817,-84.4773,15
33.7404,33.7367,-84.2904,-84.2861,15
33.7367,33.7331,-84.4339,-84.4295,15
33.7367,33.7331,-84.3861,-84.3817,15
33.7295,33.7259,-84.5034,-84.4991,15
33.7186,33.715,-84.4078,-84.4035,15
33.7077,33.7041,-84.4122,-84.4078,15
33.7077,33.7041,-84.347,-84.3427,15
33.6969,33.6933,-84.3905,-84.3861,15
33.6933,33.6896,-84.4035,-84.3992,15
33.6824,33.6788,-84.46,-84.4556,15
33.6751,33.6715,-84.3645,-84.3601,15
33.6751,33.6715,-84.3601,-84.3558,15
33.6715,33.6679,-84.3427,-84.3384,15
33.8201,33.8164,-84.3598,-84.3555,16
33.7875,33.7838,-84.3729,-84.3686,16
33.7802,33.7766,-84.3686,-84.3642,16
33.7766,33.773,-84.4469,-84.4425,16
33.7693,33.7657,-84.4425,-84.4382,16
33.7657,33.7621,-84.4382,-84.4338,16
33.7585,33.7549,-84.4556,-84.4512,16
33.7549,33.7512,-84.4773,-84.473,16
33.7512,33.7476,-84.4817,-84.4773,16
33.7512,33.7476,-84.2991,-84.2948,16
33.7512,33.7476,-84.2948,-84.2904,16
33.7476,33.744,-84.4991,-84.4947,16
33.7476,33.744,-84.3817,-84.3774,16
33.7404,33.7367,-84.4252,-84.4208,16
33.7404,33.7367,-84.2991,-84.2948,16
33.7367,33.7331,-84.3383,-84.3339,16
33.7367,33.7331,-84.3165,-84.3122,16
33.7367,33.7331,-84.2991,-84.2948,16
33.7259,33.7222,-84.3513,-84.347,16
33.7186,33.715,-84.3296,-84.3253,16
33.715,33.7114,-84.3948,-84.3904,16
33.7114,33.7077,-84.36,-84.3557,16
33.7077,33.7041,-84.36,-84.3557,16
33.6824,33.6788,-84.473,-84.4687,16
33.6824,33.6788,-84.3514,-84.3471,16
33.6788,33.6751,-84.3644,-84.3601,16
33.6788,33.6751,-84.3297,-84.3254,16
33.6751,33.6715,-84.3862,-84.3818,16
33.6715,33.6679,-84.4861,-84.4817,16
33.6606,33.657,-84.3818,-84.3775,16
33.6462,33.6425,-84.3298,-84.3254,16
33.8346,33.8309,-84.3598,-84.3554,17
33.802,33.7983,-84.4077,-84.4034,17
33.802,33.7983,-84.3903,-84.386,17
33.7947,33.7911,-84.4512,-84.4469,17
33.7947,33.7911,-84.4469,-84.4425,17
33.7911,33.7875,-84.4425,-84.4382,17
33.7838,33.7802,-84.3686,-84.3642,17
33.773,33.7693,-84.3947,-84.3904,17
33.7585,33.7549,-84.4469,-84.4425,17
33.744,33.7404,-84.4165,-84.4121,17
33.7404,33.7367,-84.3252,-84.3209,17
33.7404,33.7367,-84.3078,-84.3035,17
33.7367,33.7331,-84.4078,-84.4034,17
33.7367,33.7331,-84.3513,-84.3469,17
33.7259,33.7222,-84.4295,-84.4252,17
33.7222,33.7186,-84.4686,-84.4643,17
33.7114,33.7077,-84.4252,-84.4209,17
33.7077,33.7041,-84.4382,-84.4339,17
33.7077,33.7041,-84.4165,-84.4122,17
33.6969,33.6933,-84.3297,-84.3253,17
33.6933,33.6896,-84.3905,-84.3861,17
33.686,33.6824,-84.3601,-84.3557,17
33.6824,33.6788,-84.3297,-84.3253,17
33.6788,33.6751,-84.4817,-84.4774,17
33.6606,33.657,-84.3471,-84.3428,17
33.6534,33.6498,-84.3688,-84.3645,17
33.6534,33.6498,-84.3558,-84.3515,17
33.6498,33.6462,-84.4904,-84.4861,17
33.6425,33.6389,-84.3341,-84.3298,17
33.8346,33.8309,-84.3337,-84.3293,18
33.802,33.7983,-84.4555,-84.4512,18
33.7983,33.7947,-84.4077,-84.4034,18
33.7875,33.7838,-84.4121,-84.4077,18
33.7875,33.7838,-84.3512,-84.3468,18
33.7838,33.7802,-84.4599,-84.4556,18
33.7802,33.7766,-84.3512,-84.3469,18
33.7621,33.7585,-84.4599,-84.4556,18
33.7621,33.7585,-84.4556,-84.4512,18
33.7621,33.7585,-84.4295,-84.4251,18
33.7585,33.7549,-84.3208,-84.3165,18
33.7512,33.7476,-84.3208,-84.3165,18
33.744,33.7404,-84.4904,-84.486,18
33.7404,33.7367,-84.4295,-84.4252,18
33.7404,33.7367,-84.3209,-84.3165,18
33.7367,33.7331,-84.3209,-84.3165,18
33.7367,33.7331,-84.3035,-84.2991,18
33.7367,33.7331,-84.2774,-84.2731,18
33.7331,33.7295,-84.4121,-84.4078,18
33.7259,33.7222,-84.3166,-84.3122,18
33.7222,33.7186,-84.4295,-84.4252,18
33.7041,33.7005,-84.3557,-84.3514,18
33.6788,33.6751,-84.5121,-84.5078,18
33.6751,33.6715,-84.4687,-84.4643,18
33.6679,33.6643,-84.4861,-84.4817,18
33.6679,33.6643,-84.3645,-84.3601,18
33.6534,33.6498,-84.3602,-84.3558,18
33.6462,33.6425,-84.3341,-84.3298,18
33.6389,33.6353,-84.3472,-84.3428,18
33.628,33.6244,-84.4079,-84.4036,18
33.8382,33.8346,-84.3293,-84.325,19
33.8309,33.8273,-84.4033,-84.399,19
33.7693,33.7657,-84.3425,-84.3382,19
33.7657,33.7621,-84.4338,-84.4295,19
33.7657,33.7621,-84.3425,-84.3382,19
33.7549,33.7512,-84.3991,-84.3947,19
33.7549,33.7512,-84.3165,-84.3121,19
33.7476,33.744,-84.4773,-84.473,19
33.744,33.7404,-84.4121,-84.4078,19
33.7404,33.7367,-84.4599,-84.4556,19
33.7404,33.7367,-84.4382,-84.4339,19
33.7404,33.7367,-84.3861,-84.3817,19
33.7331,33.7295,-84.2731,-84.2687,19
33.7222,33.7186,-84.3122,-84.3079,19
33.7041,33.7005,-84.4209,-84.4165,19
33.7005,33.6969,-84.4817,-84.4774,19
33.6896,33.686,-84.4774,-84.473,19
33.6896,33.686,-84.3297,-84.3253,19
33.6824,33.6788,-84.4774,-84.473,19
33.6824,33.6788,-84.3731,-84.3688,19
33.8599,33.8563,-84.3554,-84.351,20
33.8382,33.8346,-84.412,-84.4076,20
33.8092,33.8056,-84.4338,-84.4294,20
33.8056,33.802,-84.3512,-84.3468,20
33.7983,33.7947,-84.3947,-84.3903,20
33.7947,33.7911,-84.4425,-84.4382,20
33.7549,33.7512,-84.4599,-84.4556,20
33.7549,33.7512,-84.4556,-84.4512,20
33.7549,33.7512,-84.4382,-84.4338,20
33.7512,33.7476,-84.3034,-84.2991,20
33.7476,33.744,-84.3339,-84.3295,20
33.7476,33.744,-84.3208,-84.3165,20
33.744,33.7404,-84.4382,-84.4339,20
33.744,33.7404,-84.2948,-84.2904,20
33.7222,33.7186,-84.36,-84.3557,20
33.7222,33.7186,-84.3426,-84.3383,20
33.7186,33.715,-84.4122,-84.4078,20
33.715,33.7114,-84.3426,-84.3383,20
33.715,33.7114,-84.3035,-84.2992,20
33.7041,33.7005,-84.3514,-84.347,20
33.6969,33.6933,-84.334,-84.3297,20
33.6896,33.686,-84.5165,-84.5121,20
33.6896,33.686,-84.3775,-84.3731,20
33.6824,33.6788,-84.4687,-84.4643,20
33.6824,33.6788,-84.3905,-84.3862,20
33.6788,33.6751,-84.334,-84.3297,20
33.6751,33.6715,-84.3341,-84.3297,20
33.657,33.6534,-84.3732,-84.3688,20
33.6534,33.6498,-84.4947,-84.4904,20
33.8418,33.8382,-84.3337,-84.3293,21
33.8092,33.8056,-84.3642,-84.3598,21
33.7911,33.7875,-84.3686,-84.3642,21
33.7802,33.7766,-84.3816,-84.3773,21
33.7802,33.7766,-84.3469,-84.3425,21
33.7657,33.7621,-84.3338,-84.3295,21
33.7585,33.7549,-84.4338,-84.4295,21
33.7585,33.7549,-84.4252,-84.4208,21
33.7512,33.7476,-84.4339,-84.4295,21
33.7512,33.7476,-84.3773,-84.373,21
33.7512,33.7476,-84.3469,-84.3426,21
33.744,33.7404,-84.3382,-84.3339,21
33.7404,33.7367,-84.4165,-84.4121,21
33.7404,33.7367,-84.3904,-84.3861,21
33.7404,33.7367,-84.3382,-84.3339,21
33.7404,33.7367,-84.3165,-84.3122,21
33.7367,33.7331,-84.4773,-84.473,21
33.7367,33.7331,-84.4686,-84.4643,21
33.7367,33.7331,-84.4426,-84.4382,21
33.7331,33.7295,-84.4078,-84.4035,21
33.7295,33.7259,-84.2687,-84.2644,21
33.7259,33.7222,-84.3426,-84.3383,21
33.7222,33.7186,-84.3166,-84.3122,21
33.7186,33.715,-84.4209,-84.4165,21
33.715,33.7114,-84.347,-84.3426,21
33.715,33.7114,-84.2992,-84.2949,21
33.7077,33.7041,-84.46,-84.4556,21
33.7005,33.6969,-84.4252,-84.4209,21
33.7005,33.6969,-84.3383,-84.334,21
33.6896,33.686,-84.473,-84.4687,21
33.6896,33.686,-84.3992,-84.3948,21
33.686,33.6824,-84.3992,-84.3948,21
33.686,33.6824,-84.3905,-84.3861,21
33.686,33.6824,-84.3557,-84.3514,21
33.6824,33.6788,-84.3775,-84.3731,21
33.6715,33.6679,-84.3949,-84.3905,21
33.8237,33.8201,-84.3511,-84.3468,22
33.8164,33.8128,-84.3337,-84.3294,22
33.8056,33.802,-84.4381,-84.4338,22
33.802,33.7983,-84.3294,-84.3251,22
33.7657,33.7621,-84.4773,-84.473,22
33.7621,33.7585,-84.486,-84.4817,22
33.7585,33.7549,-84.4512,-84.4469,22
33.7512,33.7476,-84.4382,-84.4339,22
33.7476,33.744,-84.4252,-84.4208,22
33.744,33.7404,-84.3861,-84.3817,22
33.7367,33.7331,-84.4556,-84.4513,22
33.7367,33.7331,-84.2687,-84.2644,22
33.7259,33.7222,-84.3557,-84.3513,22
33.7259,33.7222,-84.3209,-84.3166,22
33.7259,33.7222,-84.2905,-84.2861,22
33.7222,33.7186,-84.4035,-84.3991,22
33.7222,33.7186,-84.3861,-84.3817,22
33.7222,33.7186,-84.3296,-84.3253,22
33.7186,33.715,-84.3991,-84.3948,22
33.7186,33.715,-84.3122,-84.3079,22
33.7077,33.7041,-84.3991,-84.3948,22
33.7005,33.6969,-84.4165,-84.4122,22
33.6824,33.6788,-84.4947,-84.4904,22
33.6643,33.6606,-84.4904,-84.4861,22
33.7911,33.7875,-84.4077,-84.4034,23
33.7838,33.7802,-84.3642,-84.3599,23
33.7802,33.7766,-84.4077,-84.4034,23
33.7585,33.7549,-84.3904,-84.386,23
33.7549,33.7512,-84.4165,-84.4121,23
33.7476,33.744,-84.4165,-84.4121,23
33.744,33.7404,-84.4339,-84.4295,23
33.7404,33.7367,-84.4078,-84.4034,23
33.7367,33.7331,-84.473,-84.4686,23
33.7367,33.7331,-84.3252,-84.3209,23
33.7295,33.7259,-84.3513,-84.347,23
33.7114,33.7077,-84.4122,-84.4078,23
33.7077,33.7041,-84.4339,-84.4296,23
33.7077,33.7041,-84.4252,-84.4209,23
33.7005,33.6969,-84.4339,-84.4296,23
33.6933,33.6896,-84.3644,-84.3601,23
33.6896,33.686,-84.334,-84.3297,23
33.6715,33.6679,-84.4774,-84.473,23
33.6643,33.6606,-84.3862,-84.3818,23
33.802,33.7983,-84.4512,-84.4468,24
33.7911,33.7875,-84.386,-84.3816,24
33.7549,33.7512,-84.3947,-84.3904,24
33.7476,33.744,-84.3165,-84.3122,24
33.7367,33.7331,-84.3426,-84.3383,24
33.7331,33.7295,-84.3296,-84.3252,24
33.7295,33.7259,-84.3426,-84.3383,24
33.7222,33.7186,-84.3513,-84.347,24
33.715,33.7114,-84.3557,-84.3513,24
33.7041,33.7005,-84.3601,-84.3557,24
33.6896,33.686,-84.4643,-84.46,24
33.686,33.6824,-84.3775,-84.3731,24
33.6788,33.6751,-84.3862,-84.3818,24
33.6389,33.6353,-84.3428,-84.3385,24
33.8237,33.8201,-84.3642,-84.3598,25
33.802,33.7983,-84.4468,-84.4425,25
33.7983,33.7947,-84.4121,-84.4077,25
33.7657,33.7621,-84.4599,-84.4556,25
33.7585,33.7549,-84.3991,-84.3947,25
33.7585,33.7549,-84.3382,-84.3339,25
33.7476,33.744,-84.4469,-84.4426,25
33.744,33.7404,-84.3209,-84.3165,25
33.7367,33.7331,-84.4121,-84.4078,25
33.7331,33.7295,-84.2948,-84.2905,25
33.7295,33.7259,-84.3296,-84.3252,25
33.7259,33.7222,-84.4252,-84.4208,25
33.715,33.7114,-84.4252,-84.4209,25
33.715,33.7114,-84.4122,-84.4078,25
33.7041,33.7005,-84.3731,-84.3687,25
33.6896,33.686,-84.3601,-84.3557,25
33.686,33.6824,-84.3731,-84.3688,25
33.6679,33.6643,-84.3601,-84.3558,25
33.6498,33.6462,-84.3558,-84.3515,25
33.6498,33.6462,-84.3341,-84.3298,25
33.6317,33.628,-84.4253,-84.421,25
33.7802,33.7766,-84.4295,-84.4251,26
33.773,33.7693,-84.4382,-84.4338,26
33.7693,33.7657,-84.3295,-84.3251,26
33.7585,33.7549,-84.4208,-84.4165,26
33.7549,33.7512,-84.486,-84.4817,26
33.7549,33.7512,-84.3904,-84.386,26
33.7512,33.7476,-84.4904,-84.486,26
33.7367,33.7331,-84.4295,-84.4252,26
33.7259,33.7222,-84.3644,-84.36,26
33.7259,33.7222,-84.36,-84.3557,26
33.7222,33.7186,-84.4122,-84.4078,26
33.7186,33.715,-84.4904,-84.486,26
33.7041,33.7005,-84.4339,-84.4296,26
33.7005,33.6969,-84.3601,-84.3557,26
33.6969,33.6933,-84.3731,-84.3688,26
33.6896,33.686,-84.3644,-84.3601,26
33.6788,33.6751,-84.4991,-84.4947,26
33.6751,33.6715,-84.3384,-84.3341,26
33.6715,33.6679,-84.473,-84.4687,26
33.8635,33.8599,-84.3597,-84.3554,27
33.8201,33.8164,-84.4033,-84.399,27
33.7983,33.7947,-84.3512,-84.3468,27
33.7838,33.7802,-84.3903,-84.386,27
33.7802,33.7766,-84.4251,-84.4208,27
33.773,33.7693,-84.4338,-84.4295,27
33.7693,33.7657,-84.4382,-84.4338,27
33.7512,33.7476,-84.3556,-84.3513,27
33.7476,33.744,-84.3078,-84.3035,27
33.744,33.7404,-84.3339,-84.3295,27
33.7295,33.7259,-84.3209,-84.3165,27
33.7295,33.7259,-84.2948,-84.2905,27
33.7259,33.7222,-84.347,-84.3426,27
33.7186,33.715,-84.3426,-84.3383,27
33.7077,33.7041,-84.3731,-84.3687,27
33.6498,33.6462,-84.5034,-84.4991,27
33.8382,33.8346,-84.3337,-84.3293,28
33.8056,33.802,-84.3468,-84.3425,28
33.7983,33.7947,-84.399,-84.3947,28
33.7621,33.7585,-84.4425,-84.4382,28
33.7404,33.7367,-84.3035,-84.2991,28
33.7295,33.7259,-84.4121,-84.4078,28
33.7222,33.7186,-84.4252,-84.4208,28
33.7222,33.7186,-84.4208,-84.4165,28
33.7222,33.7186,-84.3383,-84.3339,28
33.715,33.7114,-84.4209,-84.4165,28
33.7114,33.7077,-84.4165,-84.4122,28
33.7077,33.7041,-84.4426,-84.4382,28
33.7005,33.6969,-84.4383,-84.4339,28
33.686,33.6824,-84.473,-84.4687,28
33.8382,33.8346,-84.3554,-84.3511,29
33.8273,33.8237,-84.3511,-84.3468,29
33.8201,33.8164,-84.3337,-84.3294,29
33.7983,33.7947,-84.4512,-84.4468,29
33.7875,33.7838,-84.4425,-84.4382,29
33.7585,33.7549,-84.3817,-84.3773,29
33.7585,33.7549,-84.3339,-84.3295,29
33.7549,33.7512,-84.4904,-84.486,29
33.744,33.7404,-84.4295,-84.4252,29
33.7404,33.7367,-84.3643,-84.36,29
33.7404,33.7367,-84.3426,-84.3382,29
33.7367,33.7331,-84.4382,-84.4339,29
33.7367,33.7331,-84.3948,-84.3904,29
33.7295,33.7259,-84.4208,-84.4165,29
33.7186,33.715,-84.4035,-84.3991,29
33.7186,33.715,-84.3731,-84.3687,29
33.7186,33.715,-84.3557,-84.3513,29
33.715,33.7114,-84.3861,-84.3818,29
33.7005,33.6969,-84.4035,-84.3992,29
33.6933,33.6896,-84.4643,-84.46,29
33.6606,33.657,-84.3775,-84.3732,29
33.8128,33.8092,-84.3381,-84.3337,30
33.7947,33.7911,-84.4121,-84.4077,30
33.7766,33.773,-84.3686,-84.3643,30
33.7766,33.773,-84.3469,-84.3425,30
33.7657,33.7621,-84.3251,-84.3208,30
33.7585,33.7549,-84.386,-84.3817,30
33.7549,33.7512,-84.4208,-84.4165,30
33.7512,33.7476,-84.3426,-84.3382,30
33.744,33.7404,-84.473,-84.4686,30
33.744,33.7404,-84.4034,-84.3991,30
33.744,33.7404,-84.3295,-84.3252,30
33.7367,33.7331,-84.4165,-84.4121,30
33.7114,33.7077,-84.3905,-84.3861,30
33.7077,33.7041,-84.3905,-84.3861,30
33.7041,33.7005,-84.4252,-84.4209,30
33.7041,33.7005,-84.3861,-84.3818,30
33.6751,33.6715,-84.3471,-84.3427,30
33.6606,33.657,-84.4947,-84.4904,30
33.6498,33.6462,-84.4947,-84.4904,30
33.8635,33.8599,-84.3684,-84.3641,31
33.7838,33.7802,-84.3773,-84.3729,31
33.773,33.7693,-84.4251,-84.4208,31
33.7657,33.7621,-84.3512,-84.3469,31
33.7404,33.7367,-84.4121,-84.4078,31
33.7367,33.7331,-84.3296,-84.3252,31
33.7331,33.7295,-84.4817,-84.4773,31
33.7331,33.7295,-84.3948,-84.3904,31
33.7186,33.715,-84.3513,-84.347,31
33.715,33.7114,-84.486,-84.4817,31
33.7005,33.6969,-84.3905,-84.3861,31
33.6933,33.6896,-84.3948,-84.3905,31
33.7983,33.7947,-84.3381,-84.3338,32
33.7875,33.7838,-84.3468,-84.3425,32
33.7766,33.773,-84.373,-84.3686,32
33.7657,33.7621,-84.4469,-84.4425,32
33.7621,33.7585,-84.4512,-84.4469,32
33.7621,33.7585,-84.3904,-84.386,32
33.7512,33.7476,-84.386,-84.3817,32
33.7295,33.7259,-84.4904,-84.486,32
33.7186,33.715,-84.4165,-84.4122,32
33.7114,33.7077,-84.4382,-84.4339,32
33.7005,33.6969,-84.4209,-84.4165,32
33.7005,33.6969,-84.3731,-84.3687,32
33.686,33.6824,-84.4643,-84.46,32
33.7875,33.7838,-84.4556,-84.4512,33
33.7838,33.7802,-84.4034,-84.399,33
33.7766,33.773,-84.473,-84.4686,33
33.7621,33.7585,-84.4251,-84.4208,33
33.7621,33.7585,-84.4208,-84.4165,33
33.7621,33.7585,-84.3947,-84.3904,33
33.7549,33.7512,-84.4338,-84.4295,33
33.7549,33.7512,-84.4252,-84.4208,33
33.7512,33.7476,-84.3165,-84.3121,33
33.7476,33.744,-84.486,-84.4817,33
33.7367,33.7331,-84.3122,-84.3078,33
33.7222,33.7186,-84.4904,-84.486,33
33.7041,33.7005,-84.4165,-84.4122,33
33.7041,33.7005,-84.3948,-84.3905,33
33.6824,33.6788,-84.4643,-84.46,33
33.628,33.6244,-84.4123,-84.4079,33
33.8056,33.802,-84.4294,-84.4251,34
33.802,33.7983,-84.3468,-84.3425,34
33.7911,33.7875,-84.4164,-84.4121,34
33.7875,33.7838,-84.4077,-84.4034,34
33.7259,33.7222,-84.3383,-84.3339,34
33.7041,33.7005,-84.4122,-84.4078,34
33.6679,33.6643,-84.3688,-84.3645,34
33.6643,33.6606,-84.3732,-84.3688,34
33.6606,33.657,-84.3732,-84.3688,34
33.8346,33.8309,-84.4077,-84.4033,35
33.7802,33.7766,-84.4034,-84.399,35
33.7585,33.7549,-84.4165,-84.4121,35
33.7549,33.7512,-84.3686,-84.3643,35
33.7512,33.7476,-84.486,-84.4817,35
33.7404,33.7367,-84.473,-84.4686,35
33.7367,33.7331,-84.4208,-84.4165,35
33.7331,33.7295,-84.4165,-84.4121,35
33.7295,33.7259,-84.4817,-84.4773,35
33.7259,33.7222,-84.4208,-84.4165,35
33.6969,33.6933,-84.3948,-84.3905,35
33.6824,33.6788,-84.3862,-84.3818,35
33.6606,33.657,-84.473,-84.4687,35
33.8128,33.8092,-84.3294,-84.325,36
33.802,33.7983,-84.4034,-84.399,36
33.7983,33.7947,-84.3338,-84.3294,36
33.7802,33.7766,-84.3295,-84.3251,36
33.773,33.7693,-84.3817,-84.3773,36
33.7585,33.7549,-84.4425,-84.4382,36
33.7585,33.7549,-84.4295,-84.4252,36
33.7585,33.7549,-84.4121,-84.4078,36
33.7549,33.7512,-84.3382,-84.3339,36
33.7476,33.744,-84.4034,-84.3991,36
33.744,33.7404,-84.4469,-84.4426,36
33.7367,33.7331,-84.3904,-84.3861,36
33.7077,33.7041,-84.3948,-84.3905,36
33.8382,33.8346,-84.3598,-84.3554,37
33.8346,33.8309,-84.338,-84.3337,37
33.802,33.7983,-84.3512,-84.3468,37
33.7947,33.7911,-84.3512,-84.3468,37
33.7875,33.7838,-84.399,-84.3947,37
33.7838,33.7802,-84.3947,-84.3903,37
33.7549,33.7512,-84.4295,-84.4252,37
33.7512,33.7476,-84.4165,-84.4121,37
33.7476,33.744,-84.4382,-84.4339,37
33.7476,33.744,-84.4208,-84.4165,37
33.7476,33.744,-84.3469,-84.3426,37
33.744,33.7404,-84.4817,-84.4773,37
33.7331,33.7295,-84.373,-84.3687,37
33.7295,33.7259,-84.3904,-84.3861,37
33.6969,33.6933,-84.4339,-84.4296,37
33.6933,33.6896,-84.4296,-84.4252,37
33.6933,33.6896,-84.3731,-84.3688,37
33.6933,33.6896,-84.3384,-84.334,37
33.657,33.6534,-84.3688,-84.3645,37
33.8237,33.8201,-84.3598,-84.3555,38
33.8092,33.8056,-84.3294,-84.325,38
33.7911,33.7875,-84.3773,-84.3729,38
33.7621,33.7585,-84.3817,-84.3773,38
33.7476,33.744,-84.3295,-84.3252,38
33.7259,33.7222,-84.4078,-84.4035,38
33.7186,33.715,-84.3383,-84.334,38
33.7041,33.7005,-84.3644,-84.3601,38
33.7947,33.7911,-84.3468,-84.3425,39
33.7693,33.7657,-84.3817,-84.3773,39
33.7693,33.7657,-84.3338,-84.3295,39
33.7295,33.7259,-84.4078,-84.4035,39
33.7222,33.7186,-84.3904,-84.3861,39
33.7005,33.6969,-84.3948,-84.3905,39
33.7005,33.6969,-84.3296,-84.3253,39
33.8056,33.802,-84.3685,-84.3642,40
33.7657,33.7621,-84.3469,-84.3425,40
33.7512,33.7476,-84.3121,-84.3078,40
33.7476,33.744,-84.3556,-84.3513,40
33.7295,33.7259,-84.3991,-84.3948,40
33.7295,33.7259,-84.36,-84.3557,40
33.7186,33.715,-84.3948,-84.3904,40
33.7005,33.6969,-84.3992,-84.3948,40
33.6896,33.686,-84.3557,-84.3514,40
33.802,33.7983,-84.386,-84.3816,41
33.773,33.7693,-84.373,-84.3686,41
33.7657,33.7621,-84.4425,-84.4382,41
33.7585,33.7549,-84.3469,-84.3426,41
33.7512,33.7476,-84.4208,-84.4165,41
33.7476,33.744,-84.3991,-84.3947,41
33.7331,33.7295,-84.3643,-84.36,41
33.7331,33.7295,-84.2905,-84.2861,41
33.7295,33.7259,-84.3643,-84.36,41
33.7295,33.7259,-84.3339,-84.3296,41
33.7295,33.7259,-84.2905,-84.2861,41
33.7259,33.7222,-84.3861,-84.3817,41
33.7186,33.715,-84.3904,-84.3861,41
33.7077,33.7041,-84.4078,-84.4035,41
33.7041,33.7005,-84.3296,-84.3253,41
33.6969,33.6933,-84.4209,-84.4165,41
33.686,33.6824,-84.4774,-84.473,41
33.6679,33.6643,-84.3818,-84.3775,41
33.8454,33.8418,-84.3598,-84.3554,42
33.8309,33.8273,-84.3467,-84.3424,42
33.7911,33.7875,-84.399,-84.3947,42
33.7766,33.773,-84.4295,-84.4251,42
33.7512,33.7476,-84.3252,-84.3208,42
33.7476,33.744,-84.4121,-84.4078,42
33.7295,33.7259,-84.347,-84.3426,42
33.7077,33.7041,-84.3644,-84.36,42
33.6353,33.6317,-84.3428,-84.3385,42
33.8056,33.802,-84.3425,-84.3381,43
33.773,33.7693,-84.386,-84.3817,43
33.7512,33.7476,-84.3904,-84.386,43
33.7404,33.7367,-84.4034,-84.3991,43
33.7367,33.7331,-84.3469,-84.3426,43
33.7331,33.7295,-84.347,-84.3426,43
33.7041,33.7005,-84.347,-84.3427,43
33.7005,33.6969,-84.3644,-84.3601,43
33.6969,33.6933,-84.3557,-84.3514,43
33.6643,33.6606,-84.3818,-84.3775,43
33.8092,33.8056,-84.3511,-84.3468,44
33.802,33.7983,-84.3338,-84.3294,44
33.7875,33.7838,-84.3903,-84.386,44
33.773,33.7693,-84.3686,-84.3643,44
33.7657,33.7621,-84.3686,-84.3643,44
33.7476,33.744,-84.4426,-84.4382,44
33.744,33.7404,-84.4426,-84.4382,44
33.7404,33.7367,-84.4773,-84.473,44
33.7295,33.7259,-84.3383,-84.3339,44
33.7186,33.715,-84.36,-84.3557,44
33.715,33.7114,-84.4078,-84.4035,44
33.7114,33.7077,-84.4426,-84.4382,44
33.6824,33.6788,-84.334,-84.3297,44
33.8092,33.8056,-84.4251,-84.4207,45
33.7983,33.7947,-84.4164,-84.4121,45
33.7875,33.7838,-84.3686,-84.3642,45
33.7657,33.7621,-84.3295,-84.3251,45
33.7512,33.7476,-84.4295,-84.4252,45
33.7222,33.7186,-84.3991,-84.3948,45
33.7041,33.7005,-84.3905,-84.3861,45
33.6969,33.6933,-84.4296,-84.4252,45
33.8237,33.8201,-84.3468,-84.3424,46
33.7621,33.7585,-84.3512,-84.3469,46
33.7331,33.7295,-84.3556,-84.3513,46
33.7222,33.7186,-84.4078,-84.4035,46
33.6933,33.6896,-84.3427,-84.3384,46
33.6896,33.686,-84.3948,-84.3905,46
33.8382,33.8346,-84.4076,-84.4033,47
33.7875,33.7838,-84.4034,-84.399,47
33.7766,33.773,-84.3599,-84.3556,47
33.7476,33.744,-84.3947,-84.3904,47
33.7404,33.7367,-84.4208,-84.4165,47
33.715,33.7114,-84.3991,-84.3948,47
33.715,33.7114,-84.3818,-84.3774,47
33.7077,33.7041,-84.3296,-84.3253,47
33.6933,33.6896,-84.4426,-84.4383,47
33.6933,33.6896,-84.3992,-84.3948,47
33.657,33.6534,-84.4817,-84.4774,47
33.7947,33.7911,-84.3425,-84.3381,48
33.7911,33.7875,-84.3947,-84.3903,48
33.7766,33.773,-84.3643,-84.3599,48
33.7512,33.7476,-84.3991,-84.3947,48
33.7476,33.744,-84.386,-84.3817,48
33.7476,33.744,-84.3382,-84.3339,48
33.7404,33.7367,-84.3296,-84.3252,48
33.7041,33.7005,-84.4078,-84.4035,48
33.6751,33.6715,-84.4904,-84.4861,48
33.7657,33.7621,-84.3904,-84.386,49
33.7657,33.7621,-84.3556,-84.3512,49
33.744,33.7404,-84.4773,-84.473,49
33.6933,33.6896,-84.4383,-84.4339,49
33.6933,33.6896,-84.334,-84.3297,49
33.628,33.6244,-84.4166,-84.4123,49
33.6244,33.6208,-84.4253,-84.421,49
33.7802,33.7766,-84.3642,-84.3599,50
33.7259,33.7222,-84.3252,-84.3209,50
33.6969,33.6933,-84.3774,-84.3731,50
33.6643,33.6606,-84.3949,-84.3905,50
33.6643,33.6606,-84.3775,-84.3732,50
33.773,33.7693,-84.3556,-84.3512,51
33.7549,33.7512,-84.36,-84.3556,51
33.7222,33.7186,-84.3644,-84.36,51
33.715,33.7114,-84.3904,-84.3861,51
33.8418,33.8382,-84.3598,-84.3554,52
33.8309,33.8273,-84.3554,-84.3511,52
33.7802,33.7766,-84.386,-84.3816,52
33.7766,33.773,-84.399,-84.3947,52
33.7222,33.7186,-84.3731,-84.3687,52
33.7114,33.7077,-84.4078,-84.4035,52
33.6933,33.6896,-84.3557,-84.3514,52
33.6824,33.6788,-84.4991,-84.4947,52
33.6534,33.6498,-84.5034,-84.4991,52
33.8309,33.8273,-84.338,-84.3337,53
33.7802,33.7766,-84.4512,-84.4469,53
33.7549,33.7512,-84.3469,-84.3426,53
33.7367,33.7331,-84.3991,-84.3948,53
33.7331,33.7295,-84.3339,-84.3296,53
33.7186,33.715,-84.3861,-84.3817,53
33.715,33.7114,-84.3774,-84.3731,53
33.7114,33.7077,-84.3991,-84.3948,53
33.7404,33.7367,-84.3991,-84.3947,54
33.7295,33.7259,-84.4165,-84.4121,54
33.715,33.7114,-84.4035,-84.3991,54
33.7114,33.7077,-84.4035,-84.3991,54
33.802,33.7983,-84.3729,-84.3686,55
33.7512,33.7476,-84.36,-84.3556,55
33.7259,33.7222,-84.4165,-84.4122,55
33.7259,33.7222,-84.3991,-84.3948,55
33.7186,33.715,-84.3817,-84.3774,55
33.7114,33.7077,-84.3296,-84.3253,55
33.7077,33.7041,-84.3861,-84.3818,55
33.8273,33.8237,-84.3598,-84.3555,56
33.8273,33.8237,-84.3468,-84.3424,56
33.7766,33.773,-84.3556,-84.3512,56
33.7693,33.7657,-84.473,-84.4686,56
33.744,33.7404,-84.3469,-84.3426,56
33.7114,33.7077,-84.3818,-84.3774,56
33.6933,33.6896,-84.3601,-84.3557,56
33.657,33.6534,-84.473,-84.4687,56
33.7331,33.7295,-84.4035,-84.3991,57
33.7295,33.7259,-84.3774,-84.373,57
33.686,33.6824,-84.3948,-84.3905,57
33.7838,33.7802,-84.3468,-84.3425,58
33.7693,33.7657,-84.4338,-84.4295,58
33.744,33.7404,-84.3556,-84.3513,58
33.715,33.7114,-84.3687,-84.3644,58
33.6679,33.6643,-84.3471,-84.3428,58
33.7585,33.7549,-84.3947,-84.3904,59
33.7549,33.7512,-84.3556,-84.3513,59
33.6788,33.6751,-84.4861,-84.4817,59
33.7512,33.7476,-84.3339,-84.3295,60
33.7367,33.7331,-84.4034,-84.3991,60
33.6969,33.6933,-84.4252,-84.4209,60
33.6715,33.6679,-84.3731,-84.3688,60
33.6679,33.6643,-84.3514,-84.3471,60
33.7657,33.7621,-84.4512,-84.4469,61
33.7585,33.7549,-84.3686,-84.3643,61
33.7259,33.7222,-84.3904,-84.3861,61
33.7222,33.7186,-84.3774,-84.3731,61
33.7114,33.7077,-84.3861,-84.3818,61
33.6679,33.6643,-84.3775,-84.3732,61
33.7983,33.7947,-84.3686,-84.3642,62
33.7947,33.7911,-84.3903,-84.386,62
33.7875,33.7838,-84.4469,-84.4425,62
33.7693,33.7657,-84.4686,-84.4643,62
33.7693,33.7657,-84.3556,-84.3512,62
33.7693,33.7657,-84.3512,-84.3469,62
33.7476,33.744,-84.373,-84.3687,62
33.7222,33.7186,-84.3687,-84.3644,62
33.7077,33.7041,-84.4035,-84.3991,62
33.6969,33.6933,-84.3992,-84.3948,62
33.6896,33.686,-84.3861,-84.3818,62
33.7838,33.7802,-84.3512,-84.3468,63
33.6933,33.6896,-84.3514,-84.347,63
33.7404,33.7367,-84.4556,-84.4513,65
33.7259,33.7222,-84.3774,-84.373,65
33.7186,33.715,-84.3687,-84.3644,65
33.6969,33.6933,-84.3601,-84.3557,65
33.8237,33.8201,-84.3555,-84.3511,66
33.8201,33.8164,-84.3642,-84.3598,66
33.7657,33.7621,-84.4295,-84.4251,66
33.7367,33.7331,-84.3687,-84.3643,66
33.715,33.7114,-84.3644,-84.36,66
33.744,33.7404,-84.4686,-84.4643,67
33.6824,33.6788,-84.5121,-84.5078,67
33.6788,33.6751,-84.4947,-84.4904,67
33.6788,33.6751,-84.4904,-84.4861,67
33.7222,33.7186,-84.3948,-84.3904,68
33.8382,33.8346,-84.3467,-84.3424,69
33.7983,33.7947,-84.3903,-84.386,69
33.7585,33.7549,-84.3426,-84.3382,69
33.7404,33.7367,-84.373,-84.3687,69
33.7005,33.6969,-84.3774,-84.3731,69
33.628,33.6244,-84.421,-84.4166,69
33.7766,33.773,-84.3773,-84.373,70
33.7693,33.7657,-84.3686,-84.3643,70
33.744,33.7404,-84.4643,-84.4599,70
33.7295,33.7259,-84.373,-84.3687,70
33.7222,33.7186,-84.4165,-84.4122,70
33.7186,33.715,-84.3644,-84.36,70
33.715,33.7114,-84.36,-84.3557,70
33.628,33.6244,-84.4253,-84.421,70
33.8164,33.8128,-84.3424,-84.3381,71
33.7766,33.773,-84.4034,-84.399,71
33.773,33.7693,-84.3904,-84.386,71
33.6896,33.686,-84.4426,-84.4383,71
33.6896,33.686,-84.4035,-84.3992,71
33.7983,33.7947,-84.4034,-84.399,72
33.7657,33.7621,-84.4556,-84.4512,72
33.7693,33.7657,-84.3469,-84.3425,73
33.7621,33.7585,-84.4469,-84.4425,73
33.7512,33.7476,-84.4034,-84.3991,73
33.7983,33.7947,-84.3425,-84.3381,74
33.7875,33.7838,-84.386,-84.3816,74
33.7585,33.7549,-84.3295,-84.3252,74
33.7512,33.7476,-84.3513,-84.3469,75
33.744,33.7404,-84.3991,-84.3947,75
33.7404,33.7367,-84.3556,-84.3513,75
33.7911,33.7875,-84.3729,-84.3686,76
33.7621,33.7585,-84.3556,-84.3512,76
33.7404,33.7367,-84.3817,-84.3774,76
33.7041,33.7005,-84.5034,-84.4991,76
33.7983,33.7947,-84.3468,-84.3425,77
33.7621,33.7585,-84.3686,-84.3643,77
33.7114,33.7077,-84.3774,-84.3731,77
33.6788,33.6751,-84.4687,-84.4643,77
33.6606,33.657,-84.3688,-84.3645,77
33.7621,33.7585,-84.3469,-84.3425,78
33.7549,33.7512,-84.3426,-84.3382,78
33.744,33.7404,-84.3904,-84.3861,78
33.744,33.7404,-84.3426,-84.3382,78
33.6462,33.6425,-84.4904,-84.4861,79
33.773,33.7693,-84.3773,-84.373,80
33.6715,33.6679,-84.4817,-84.4774,80
33.8092,33.8056,-84.4294,-84.4251,81
33.7549,33.7512,-84.3513,-84.3469,81
33.7331,33.7295,-84.486,-84.4817,81
33.773,33.7693,-84.4686,-84.4643,82
33.7512,33.7476,-84.4078,-84.4034,82
33.744,33.7404,-84.3165,-84.3122,82
33.686,33.6824,-84.3861,-84.3818,82
33.6933,33.6896,-84.46,-84.4556,83
33.8273,33.8237,-84.3555,-84.3511,84
33.7621,33.7585,-84.3382,-84.3339,85
33.7114,33.7077,-84.3731,-84.3687,85
33.6606,33.657,-84.3515,-84.3471,85
33.7295,33.7259,-84.4035,-84.3991,86
33.7041,33.7005,-84.3687,-84.3644,86
33.7983,33.7947,-84.4555,-84.4512,87
33.7585,33.7549,-84.3556,-84.3512,87
33.7404,33.7367,-84.4426,-84.4382,87
33.6606,33.657,-84.3645,-84.3601,87
33.6425,33.6389,-84.4904,-84.4861,87
33.8092,33.8056,-84.3468,-84.3424,88
33.7693,33.7657,-84.3947,-84.3904,88
33.6896,33.686,-84.4339,-84.4296,88
33.7875,33.7838,-84.3947,-84.3903,89
33.7331,33.7295,-84.36,-84.3556,89
33.6751,33.6715,-84.4643,-84.46,90
33.8128,33.8092,-84.3468,-84.3424,91
33.744,33.7404,-84.3817,-84.3774,91
33.7259,33.7222,-84.373,-84.3687,92
33.6679,33.6643,-84.473,-84.4687,92
33.8309,33.8273,-84.3598,-84.3554,93
33.7947,33.7911,-84.3729,-84.3686,93
33.7512,33.7476,-84.4121,-84.4078,93
33.7512,33.7476,-84.3817,-84.3773,93
33.8346,33.8309,-84.3467,-84.3424,94
33.744,33.7404,-84.373,-84.3687,97
33.7621,33.7585,-84.3295,-84.3252,98
33.7404,33.7367,-84.36,-84.3556,98
33.8092,33.8056,-84.3424,-84.3381,99
33.7476,33.744,-84.36,-84.3556,99
33.7295,33.7259,-84.486,-84.4817,99
33.6896,33.686,-84.4296,-84.4252,101
33.7766,33.773,-84.3816,-84.3773,102
33.7621,33.7585,-84.3339,-84.3295,102
33.6462,33.6425,-84.4861,-84.4817,102
33.7838,33.7802,-84.386,-84.3816,104
33.7404,33.7367,-84.3469,-84.3426,104
33.7331,33.7295,-84.3513,-84.347,104
33.7259,33.7222,-84.4035,-84.3991,105
33.6788,33.6751,-84.4643,-84.46,106
33.7549,33.7512,-84.3295,-84.3252,107
33.7549,33.7512,-84.3252,-84.3208,107
33.7693,33.7657,-84.3643,-84.3599,108
33.7404,33.7367,-84.3774,-84.373,108
33.7331,33.7295,-84.3861,-84.3817,108
33.686,33.6824,-84.46,-84.4556,108
33.6751,33.6715,-84.473,-84.4687,108
33.7512,33.7476,-84.3382,-84.3339,109
33.7404,33.7367,-84.4513,-84.4469,109
33.8418,33.8382,-84.338,-84.3337,110
33.744,33.7404,-84.3643,-84.36,110
33.7766,33.773,-84.4512,-84.4469,111
33.7585,33.7549,-84.3512,-84.3469,111
33.744,33.7404,-84.3513,-84.3469,111
33.7295,33.7259,-84.3252,-84.3209,111
33.7621,33.7585,-84.386,-84.3817,112
33.7512,33.7476,-84.3947,-84.3904,113
33.7983,33.7947,-84.3729,-84.3686,114
33.7621,33.7585,-84.3599,-84.3556,115
33.7222,33.7186,-84.3817,-84.3774,115
33.7367,33.7331,-84.3774,-84.373,117
33.7476,33.744,-84.3252,-84.3208,119
33.6679,33.6643,-84.3732,-84.3688,119
33.6933,33.6896,-84.4339,-84.4296,122
33.6679,33.6643,-84.3862,-84.3818,123
33.8056,33.802,-84.3294,-84.3251,124
33.7331,33.7295,-84.3817,-84.3774,124
33.7259,33.7222,-84.3817,-84.3774,125
33.6969,33.6933,-84.3383,-84.334,125
33.7585,33.7549,-84.3643,-84.3599,127
33.6425,33.6389,-84.4861,-84.4817,129
33.7476,33.744,-84.3513,-84.3469,131
33.7657,33.7621,-84.3599,-84.3556,133
33.744,33.7404,-84.36,-84.3556,136
33.7404,33.7367,-84.3947,-84.3904,136
33.7295,33.7259,-84.3817,-84.3774,137
33.8382,33.8346,-84.338,-84.3337,138
33.8346,33.8309,-84.3511,-84.3467,138
33.7512,33.7476,-84.3295,-84.3252,138
33.7476,33.744,-84.3426,-84.3382,138
33.7295,33.7259,-84.3861,-84.3817,138
33.7693,33.7657,-84.386,-84.3817,139
33.8418,33.8382,-84.3424,-84.338,141
33.802,33.7983,-84.3686,-84.3642,141
33.7404,33.7367,-84.4469,-84.4426,143
33.7621,33.7585,-84.3643,-84.3599,145
33.7693,33.7657,-84.3904,-84.386,149
33.7693,33.7657,-84.3599,-84.3556,149
33.7404,33.7367,-84.4686,-84.4643,150
33.7005,33.6969,-84.3687,-84.3644,152
33.7404,33.7367,-84.4643,-84.4599,153
33.7259,33.7222,-84.3948,-84.3904,153
33.7512,33.7476,-84.3643,-84.36,154
33.7367,33.7331,-84.3556,-84.3513,154
33.6896,33.686,-84.3905,-84.3861,155
33.7476,33.744,-84.3904,-84.386,162
33.8309,33.8273,-84.3511,-84.3467,163
33.7549,33.7512,-84.3643,-84.36,164
33.7512,33.7476,-84.3687,-84.3643,164
33.7657,33.7621,-84.386,-84.3817,165
33.7802,33.7766,-84.3729,-84.3686,169
33.773,33.7693,-84.3599,-84.3556,169
33.7476,33.744,-84.4817,-84.4773,169
33.7549,33.7512,-84.373,-84.3686,172
33.7331,33.7295,-84.3991,-84.3948,172
33.7367,33.7331,-84.3817,-84.3774,180
33.6751,33.6715,-84.4774,-84.473,180
33.8382,33.8346,-84.3424,-84.338,182
33.7512,33.7476,-84.373,-84.3687,185
33.7367,33.7331,-84.373,-84.3687,189
33.773,33.7693,-84.3643,-84.3599,192
33.7621,33.7585,-84.3425,-84.3382,198
33.7476,33.744,-84.3687,-84.3643,198
33.6715,33.6679,-84.3862,-84.3818,198
33.7259,33.7222,-84.4122,-84.4078,214
33.7802,33.7766,-84.3773,-84.3729,216
33.7295,33.7259,-84.3948,-84.3904,241
33.7657,33.7621,-84.3643,-84.3599,244
33.7585,33.7549,-84.3599,-84.3556,251
33.744,33.7404,-84.3687,-84.3643,259
33.7404,33.7367,-84.3513,-84.3469,261
33.8128,33.8092,-84.3424,-84.3381,282
33.744,33.7404,-84.3252,-84.3209,363
33.7911,33.7875,-84.3903,-84.386,457
33.7404,33.7367,-84.3687,-84.3643,457
33.7476,33.744,-84.3643,-84.36,498
33.744,33.7404,-84.3947,-84.3904,686
33.8346,33.8309,-84.3424,-84.338,751
